-0.00009879
-0.00008945
-0.00007435
-0.00005614
-0.00003442
-0.00000882
0.00001835
0.00004386
0.00006615
0.00008466
0.00009792
0.00010406
0.00010249
0.00009378
0.00007825
0.00005617
0.00002883
-0.00000156
-0.00003300
-0.00006375
-0.00009160
-0.00011409
-0.00012934
-0.00013612
-0.00013365
-0.00012258
-0.00010598
-0.00008800
-0.00007079
-0.00005345
-0.00003395
-0.00001172
0.00000000
0.00000000
0.00000000
0.00000000
0.00000000
0.00000000
0.00000000
0.00000000
0.00000000
0.00000000
0.00000000
0.00000000
0.00000000
0.00000000
0.00000000
0.00000000
0.00000000
0.00000000
0.00000000
0.00000000
0.00000000
0.00000000
0.00000000
0.00000000
0.00000000
0.00000000
0.00000000
0.00000000
0.00000000
0.00000000
0.00000000
0.00000000
0.00001081
0.00000001
-0.00000000
0.00000000
-0.00000001
0.00000000
-0.00000000
0.00000001
-0.00000001
-0.00000000
0.00000000
-0.00000000
-0.00000000
0.00000000
0.00000000
-0.00000001
0.00000002
-0.00000002
0.00000001
0.00000001
-0.00000001
0.00000001
0.00000001
0.00000000
-0.00000001
0.00000000
-0.00000001
0.00000000
0.00000000
-0.00000000
-0.00000000
0.00000002
0.00000000
0.00000000
0.00000000
0.00000000
0.00000000
0.00000000
0.00000000
0.00000000
0.00000000
0.00000000
0.00000000
0.00000000
0.00000000
0.00000000
0.00000000
0.00000000
0.00000000
0.00000000
0.00000000
0.00000000
0.00000000
0.00000000
0.00000000
0.00000000
0.00000000
0.00000000
0.00000000
0.00000000
0.00000000
0.00000000
0.00000000
0.00000000
-0.00001081
-0.00000001
0.00000000
-0.00000000
0.00000001
-0.00000000
0.00000000
-0.00000001
0.00000001
0.00000000
-0.00000000
0.00000000
0.00000000
-0.00000000
-0.00000000
0.00000001
-0.00000002
0.00000002
-0.00000001
-0.00000001
0.00000001
-0.00000001
-0.00000001
-0.00000000
0.00000001
-0.00000000
0.00000001
-0.00000000
-0.00000000
0.00000000
0.00000000
-0.00000002
0.00000000
0.00000000
0.00000000
0.00000000
0.00000000
0.00000000
0.00000000
0.00000000
0.00000000
0.00000000
0.00000000
0.00000000
0.00000000
0.00000000
0.00000000
0.00000000
0.00000000
0.00000000
0.00000000
0.00000000
0.00000000
0.00000000
0.00000000
0.00000000
0.00000000
0.00000000
0.00000000
0.00000000
0.00000000
0.00000000
0.00000000
0.00000000
0.00001081
0.00000001
-0.00000000
0.00000000
-0.00000001
0.00000000
-0.00000000
0.00000001
-0.00000001
-0.00000000
0.00000000
-0.00000000
-0.00000000
0.00000000
0.00000000
-0.00000001
0.00000002
-0.00000002
0.00000001
0.00000001
-0.00000001
0.00000001
0.00000001
0.00000000
-0.00000001
0.00000000
-0.00000001
0.00000000
0.00000000
-0.00000000
-0.00000000
0.00000002
0.00000000
0.00000000
0.00000000
0.00000000
0.00000000
0.00000000
0.00000000
0.00000000
0.00000000
0.00000000
0.00000000
0.00000000
0.00000000
0.00000000
0.00000000
0.00000000
0.00000000
0.00000000
0.00000000
0.00000000
0.00000000
0.00000000
0.00000000
0.00000000
0.00000000
0.00000000
0.00000000
0.00000000
0.00000000
0.00000000
0.00000000
0.00000000
-0.00001081
-0.00000001
0.00000000
-0.00000000
0.00000001
-0.00000000
0.00000000
-0.00000001
0.00000001
0.00000000
-0.00000000
0.00000000
0.00000000
-0.00000000
-0.00000000
0.00000001
-0.00000002
0.00000002
-0.00000001
-0.00000001
0.00000001
-0.00000001
-0.00000001
-0.00000000
0.00000001
-0.00000000
0.00000001
-0.00000000
-0.00000000
0.00000000
0.00000000
-0.00000002
0.00000000
0.00000000
0.00000000
0.00000000
0.00000000
0.00000000
0.00000000
0.00000000
0.00000000
0.00000000
0.00000000
0.00000000
0.00000000
0.00000000
0.00000000
0.00000000
0.00000000
0.00000000
0.00000000
0.00000000
0.00000000
0.00000000
0.00000000
0.00000000
0.00000000
0.00000000
0.00000000
0.00000000
0.00000000
0.00000000
0.00000000
0.00000000
0.00001081
0.00000001
-0.00000000
0.00000000
-0.00000001
0.00000000
-0.00000000
0.00000001
-0.00000001
-0.00000000
0.00000000
-0.00000000
-0.00000000
0.00000000
0.00000000
-0.00000001
0.00000002
-0.00000002
0.00000001
0.00000001
-0.00000001
0.00000001
0.00000001
0.00000000
-0.00000001
0.00000000
-0.00000001
0.00000000
0.00000000
-0.00000000
-0.00000000
0.00000002
0.00000000
0.00000000
0.00000000
0.00000000
0.00000000
0.00000000
0.00000000
0.00000000
0.00000000
0.00000000
0.00000000
0.00000000
0.00000000
0.00000000
0.00000000
0.00000000
0.00000000
0.00000000
0.00000000
0.00000000
0.00000000
0.00000000
0.00000000
0.00000000
0.00000000
0.00000000
0.00000000
0.00000000
0.00000000
0.00000000
0.00000000
0.00000000
-0.00001081
-0.00000001
0.00000000
-0.00000000
0.00000001
-0.00000000
0.00000000
-0.00000001
0.00000001
0.00000000
-0.00000000
0.00000000
0.00000000
-0.00000000
-0.00000000
0.00000001
-0.00000002
0.00000002
-0.00000001
-0.00000001
0.00000001
-0.00000001
-0.00000001
-0.00000000
0.00000001
-0.00000000
0.00000001
-0.00000000
-0.00000000
0.00000000
0.00000000
-0.00000002
0.00000000
0.00000000
0.00000000
0.00000000
0.00000000
0.00000000
0.00000000
0.00000000
0.00000000
0.00000000
0.00000000
0.00000000
0.00000000
0.00000000
0.00000000
0.00000000
0.00000000
0.00000000
0.00000000
0.00000000
0.00000000
0.00000000
0.00000000
0.00000000
0.00000000
0.00000000
0.00000000
0.00000000
0.00000000
0.00000000
0.00000000
0.00000000
0.00001081
0.00000001
-0.00000000
0.00000000
-0.00000001
0.00000000
-0.00000000
0.00000001
-0.00000001
-0.00000000
0.00000000
-0.00000000
-0.00000000
0.00000000
0.00000000
-0.00000001
0.00000002
-0.00000002
0.00000001
0.00000001
-0.00000001
0.00000001
0.00000001
0.00000000
-0.00000001
0.00000000
-0.00000001
0.00000000
0.00000000
-0.00000000
-0.00000000
0.00000002
0.00000000
0.00000000
0.00000000
0.00000000
0.00000000
0.00000000
0.00000000
0.00000000
0.00000000
0.00000000
0.00000000
0.00000000
0.00000000
0.00000000
0.00000000
0.00000000
0.00000000
0.00000000
0.00000000
0.00000000
0.00000000
0.00000000
0.00000000
0.00000000
0.00000000
0.00000000
0.00000000
0.00000000
0.00000000
0.00000000
0.00000000
0.00000000
