0.00000000
0.00000000
-0.00000000
-0.00000000
-0.00000001
-0.00000005
-0.00001768
-0.00003851
-0.00001341
-0.00010794
0.00001334
-0.00014386
-0.00012688
0.00016678
-0.00107559
0.00234005
-0.00785743
0.06378367
0.44171160
0.82651091
1.20929646
1.57464361
1.92931449
2.26222563
2.57542109
2.86255908
3.12280941
3.35266161
3.55035591
3.71381950
3.84151030
3.93220568
3.98503065
3.99947834
3.97540879
3.91305399
3.81301355
3.67625332
3.50408745
3.29817533
3.06050014
2.79335117
2.49930048
2.18117952
1.84205341
1.48518705
1.11401749
0.73211908
0.34317029
-0.04908342
-0.44086453
-0.82839978
-1.20795727
-1.57588112
-1.92862892
-2.26280236
-2.57518458
-2.86276579
-3.12277699
-3.35271406
-3.55036306
-3.71381950
-3.84151053
-3.93220568
-3.98503065
-3.99947834
-3.97540879
-3.91305399
-3.81301355
-3.67625332
-3.50408745
-3.29817533
-3.06050014
-2.79335117
-2.49930048
-2.18117952
-1.84205341
-1.48518705
-1.11401749
-0.73211908
-0.34317029
0.04908342
0.44086453
0.82839978
1.20795727
1.57588112
1.92862892
2.26280236
2.57518458
2.86276579
3.12277699
3.35271406
3.55036306
3.71381950
3.84151053
3.93220568
3.98503065
3.99947834
3.97540879
3.91305399
3.81301355
3.67625332
3.50408745
3.29817533
3.06050014
2.79335117
2.49930048
2.18117952
1.84205341
1.48518705
1.11401749
0.73211908
0.34317029
-0.04908342
-0.44086453
-0.82839978
-1.20795727
-1.57588112
-1.92862892
-2.26280236
-2.57518458
-2.86276579
-3.12277699
-3.35271406
-3.55036306
-3.71381950
-3.84151053
-3.93220568
-3.98503065
-3.99947834
-3.97540879
-3.91305399
-3.81301355
-3.67625332
-3.50408745
-3.29817533
-3.06050014
-2.79335117
-2.49930048
-2.18117952
-1.84205341
-1.48518705
-1.11401749
-0.73211908
-0.34317029
0.04908342
0.44086453
0.82839978
1.20795727
1.57588112
1.92862892
2.26280236
2.57518458
2.86276579
3.12277699
3.35271406
3.55036306
3.71381950
3.84151053
3.93220568
3.98503065
3.99947834
3.97540879
3.91305399
3.81301355
3.67625332
3.50408745
3.29817533
3.06050014
2.79335117
2.49930048
2.18117952
1.84205341
1.48518705
1.11401749
0.73211908
0.34317029
-0.04908342
-0.44086453
-0.82839978
-1.20795727
-1.57588112
-1.92862892
-2.26280236
-2.57518458
-2.86276579
-3.12277699
-3.35271406
-3.55036306
-3.71381950
-3.84151053
-3.93220568
-3.98503065
-3.99947834
-3.97540879
-3.91305399
-3.81301355
-3.67625332
-3.50408745
-3.29817533
-3.06050014
-2.79335117
-2.49930048
-2.18117952
-1.84205341
-1.48518705
-1.11401749
-0.73211908
-0.34317029
0.04908342
0.44086453
0.82839978
1.20795727
1.57588112
1.92862892
2.26280236
2.57518458
2.86276579
3.12277699
3.35271406
3.55036306
3.71381950
3.84151053
3.93220568
3.98503065
3.99947834
3.97540879
3.91305399
3.81301355
3.67625332
3.50408745
3.29817533
3.06050014
2.79335117
2.49930048
2.18117952
1.84205341
1.48518705
1.11401749
0.73211908
0.34317029
-0.04908342
-0.44086453
-0.82839978
-1.20795727
-1.57588112
-1.92862892
-2.26280236
-2.57518458
-2.86276579
-3.12277699
-3.35271406
-3.55036306
-3.71381950
-3.84151053
-3.93220568
