0.02748599
-0.95354229
-1.10129714
-0.08390927
0.13812786
0.05405786
-0.04597324
-0.08114176
0.06105790
0.05572400
-0.05708713
-0.03043167
0.03431791
0.03183869
-0.02743474
-0.03482964
0.03177257
0.02622592
-0.02806795
-0.02033849
0.02061947
0.02242552
-0.02015729
-0.02215369
0.02171268
0.01759739
-0.01865675
-0.01612955
0.01562739
0.01755193
-0.01639753
-0.01638769
0.01664299
0.01387836
-0.01435610
-0.01391261
0.01328015
0.01462409
-0.01412694
-0.01331547
0.01371637
0.01207707
-0.01217777
-0.01260282
0.01206452
0.01276374
-0.01265797
-0.01163970
0.01198457
0.01122273
-0.01110706
-0.01181073
0.01144678
0.01161604
-0.01173713
-0.01079906
0.01101120
0.01094518
-0.01070158
-0.01144750
0.01130546
0.01093609
-0.01120270
-0.01055586
0.00000000
0.00000000
0.00000000
0.00000000
0.00000000
0.00000000
0.00000000
0.00000000
0.00000000
0.00000000
0.00000000
0.00000000
0.00000000
0.00000000
0.00000000
0.00000000
0.00000000
0.00000000
0.00000000
0.00000000
0.00000000
0.00000000
0.00000000
0.00000000
0.00000000
0.00000000
0.00000000
0.00000000
0.00000000
0.00000000
0.00000000
0.00000000
0.00000000
0.00000000
0.00000000
0.00000000
0.00000000
0.00000000
0.00000000
0.00000000
0.00000000
0.00000000
0.00000000
0.00000000
0.00000000
0.00000000
0.00000000
0.00000000
0.00000000
0.00000000
0.00000000
0.00000000
0.00000000
0.00000000
0.00000000
0.00000000
0.00000000
0.00000000
0.00000000
0.00000000
0.00000000
0.00000000
0.00000000
0.00000000
-0.18354093
-0.62601137
-1.09909248
-0.34942341
0.26232797
0.17819870
-0.15848967
-0.12411124
0.11539270
0.09633005
-0.09136247
-0.07916741
0.07594047
0.06745428
-0.06518441
-0.05894094
0.05725687
0.05247781
-0.05118001
-0.04741212
0.04638311
0.04334399
-0.04251015
-0.04001442
0.03932698
0.03724782
-0.03667329
-0.03492102
0.03443550
0.03294488
-0.03253099
-0.03125348
0.03089821
0.02979694
-0.02949032
-0.02853691
0.02827130
0.02744341
-0.02721278
-0.02649288
0.02629239
0.02566631
-0.02549220
-0.02494863
0.02479775
0.02432745
-0.02419725
-0.02379277
0.02368132
0.02333651
-0.02324203
-0.02295193
0.02287322
0.02263383
-0.02256972
-0.02237787
0.02232756
0.02218075
-0.02214353
-0.02203996
0.02201544
0.02195376
-0.02194153
-0.02192111
0.00000000
0.00000000
0.00000000
0.00000000
0.00000000
0.00000000
0.00000000
0.00000000
0.00000000
0.00000000
0.00000000
0.00000000
0.00000000
0.00000000
0.00000000
0.00000000
0.00000000
0.00000000
0.00000000
0.00000000
0.00000000
0.00000000
0.00000000
0.00000000
0.00000000
0.00000000
0.00000000
0.00000000
0.00000000
0.00000000
0.00000000
0.00000000
0.00000000
0.00000000
0.00000000
0.00000000
0.00000000
0.00000000
0.00000000
0.00000000
0.00000000
0.00000000
0.00000000
0.00000000
0.00000000
0.00000000
0.00000000
0.00000000
0.00000000
0.00000000
0.00000000
0.00000000
0.00000000
0.00000000
0.00000000
0.00000000
0.00000000
0.00000000
0.00000000
0.00000000
0.00000000
0.00000000
0.00000000
0.00000000
