0.00000346
0.00000507
0.00000680
0.00000853
0.00001009
0.00001166
0.00001472
0.00000865
0.00003217
-0.00000091
0.00003917
0.00003056
-0.00005529
0.00019638
-0.00053009
0.00061573
-0.00220091
-0.00320109
0.00301530
-0.00123570
0.00084604
-0.00044525
0.00028545
-0.00011027
0.00007841
-0.00000146
0.00002092
0.00001481
0.00001225
0.00000876
0.00000525
0.00000188
-0.00000188
-0.00000525
-0.00000876
-0.00001225
-0.00001481
-0.00002092
0.00000146
-0.00007841
0.00011027
-0.00028545
0.00044525
-0.00084604
0.00123570
-0.00301530
0.00320109
0.00220091
-0.00061573
0.00053009
-0.00019638
0.00005529
-0.00003056
-0.00003917
0.00000091
-0.00003217
-0.00000865
-0.00001472
-0.00001166
-0.00001009
-0.00000853
-0.00000680
-0.00000507
-0.00000346
-0.00000504
-0.00000486
-0.00000477
-0.00000468
-0.00000447
-0.00000432
-0.00000387
-0.00000361
-0.00000337
-0.00000289
-0.00000271
-0.00000213
-0.00000164
-0.00000121
-0.00000071
-0.00000026
0.00000026
0.00000071
0.00000121
0.00000164
0.00000213
0.00000271
0.00000289
0.00000337
0.00000361
0.00000387
0.00000432
0.00000447
0.00000468
0.00000477
0.00000486
0.00000504
0.00000504
0.00000486
0.00000477
0.00000468
0.00000447
0.00000432
0.00000387
0.00000361
0.00000337
0.00000289
0.00000271
0.00000213
0.00000164
0.00000121
0.00000071
0.00000026
-0.00000026
-0.00000071
-0.00000121
-0.00000164
-0.00000213
-0.00000271
-0.00000289
-0.00000337
-0.00000361
-0.00000387
-0.00000432
-0.00000447
-0.00000468
-0.00000477
-0.00000486
-0.00000504
0.00000188
0.00000528
0.00000882
0.00001237
0.00001568
0.00001892
0.00002182
0.00002477
0.00002727
0.00002941
0.00003126
0.00003307
0.00003451
0.00003557
0.00003627
0.00003659
0.00003659
0.00003627
0.00003557
0.00003451
0.00003307
0.00003126
0.00002941
0.00002727
0.00002477
0.00002182
0.00001892
0.00001568
0.00001237
0.00000882
0.00000528
0.00000188
-0.00000188
-0.00000528
-0.00000882
-0.00001237
-0.00001568
-0.00001892
-0.00002182
-0.00002477
-0.00002727
-0.00002941
-0.00003126
-0.00003307
-0.00003451
-0.00003557
-0.00003627
-0.00003659
-0.00003659
-0.00003627
-0.00003557
-0.00003451
-0.00003307
-0.00003126
-0.00002941
-0.00002727
-0.00002477
-0.00002182
-0.00001892
-0.00001568
-0.00001237
-0.00000882
-0.00000528
-0.00000188
-0.00000504
-0.00000486
-0.00000477
-0.00000468
-0.00000447
-0.00000432
-0.00000387
-0.00000361
-0.00000337
-0.00000289
-0.00000271
-0.00000213
-0.00000164
-0.00000121
-0.00000071
-0.00000026
0.00000026
0.00000071
0.00000121
0.00000164
0.00000213
0.00000271
0.00000289
0.00000337
0.00000361
0.00000387
0.00000432
0.00000447
0.00000468
0.00000477
0.00000486
0.00000504
0.00000504
0.00000486
0.00000477
0.00000468
0.00000447
0.00000432
0.00000387
0.00000361
0.00000337
0.00000289
0.00000271
0.00000213
0.00000164
0.00000121
0.00000071
0.00000026
-0.00000026
-0.00000071
-0.00000121
-0.00000164
-0.00000213
-0.00000271
-0.00000289
-0.00000337
-0.00000361
-0.00000387
-0.00000432
-0.00000447
-0.00000468
-0.00000477
-0.00000486
-0.00000504
