-0.00003037
0.00007286
-0.00008139
0.00003492
0.00003436
-0.00008916
0.00009612
-0.00004842
-0.00002843
0.00009138
-0.00010511
0.00006139
0.00001701
-0.00008876
0.00011531
-0.00008124
0.00000298
0.00007921
-0.00012238
0.00010345
-0.00003068
-0.00006013
0.00012315
-0.00012541
0.00006382
0.00003221
-0.00011511
0.00014258
-0.00009920
0.00000437
0.00009610
-0.00015191
0.00013327
-0.00004682
-0.00006649
0.00015069
-0.00016240
0.00009279
0.00002640
-0.00013715
0.00018329
-0.00013902
0.00002290
0.00010983
-0.00019311
0.00018258
-0.00007921
-0.00006894
0.00018851
-0.00021819
0.00014079
0.00000664
-0.00015206
0.00022589
-0.00019626
0.00008270
0.00005893
-0.00016731
0.00020411
-0.00016534
0.00007485
0.00003156
-0.00012091
0.00017083
0.00000000
0.00000000
0.00000000
0.00000000
0.00000000
0.00000000
0.00000000
0.00000000
0.00000000
0.00000000
0.00000000
0.00000000
0.00000000
0.00000000
0.00000000
0.00000000
0.00000000
0.00000000
0.00000000
0.00000000
0.00000000
0.00000000
0.00000000
0.00000000
0.00000000
0.00000000
0.00000000
0.00000000
0.00000000
0.00000000
0.00000000
0.00000000
0.00000000
0.00000000
0.00000000
0.00000000
0.00000000
0.00000000
0.00000000
0.00000000
0.00000000
0.00000000
0.00000000
0.00000000
0.00000000
0.00000000
0.00000000
0.00000000
0.00000000
0.00000000
0.00000000
0.00000000
0.00000000
0.00000000
0.00000000
0.00000000
0.00000000
0.00000000
0.00000000
0.00000000
0.00000000
0.00000000
0.00000000
0.00000000
0.00000851
-0.00002077
0.00001218
-0.00000494
-0.00000141
0.00000171
0.00000049
-0.00000095
-0.00000021
0.00000062
0.00000008
-0.00000046
-0.00000004
0.00000038
-0.00000004
-0.00000028
0.00000003
0.00000025
-0.00000003
-0.00000019
0.00000004
0.00000015
-0.00000004
-0.00000016
0.00000003
0.00000014
-0.00000009
-0.00000013
0.00000006
0.00000011
-0.00000006
-0.00000010
0.00000006
0.00000007
-0.00000004
-0.00000010
0.00000005
0.00000008
-0.00000005
-0.00000009
0.00000005
0.00000008
-0.00000005
-0.00000007
0.00000005
0.00000004
-0.00000006
-0.00000007
0.00000006
0.00000005
-0.00000006
-0.00000007
0.00000007
0.00000007
-0.00000002
-0.00000006
0.00000005
0.00000005
-0.00000004
-0.00000006
0.00000005
0.00000006
-0.00000006
-0.00000006
0.00000000
0.00000000
0.00000000
0.00000000
0.00000000
0.00000000
0.00000000
0.00000000
0.00000000
0.00000000
0.00000000
0.00000000
0.00000000
0.00000000
0.00000000
0.00000000
0.00000000
0.00000000
0.00000000
0.00000000
0.00000000
0.00000000
0.00000000
0.00000000
0.00000000
0.00000000
0.00000000
0.00000000
0.00000000
0.00000000
0.00000000
0.00000000
0.00000000
0.00000000
0.00000000
0.00000000
0.00000000
0.00000000
0.00000000
0.00000000
0.00000000
0.00000000
0.00000000
0.00000000
0.00000000
0.00000000
0.00000000
0.00000000
0.00000000
0.00000000
0.00000000
0.00000000
0.00000000
0.00000000
0.00000000
0.00000000
0.00000000
0.00000000
0.00000000
0.00000000
0.00000000
0.00000000
0.00000000
0.00000000
