0.00000000
0.02454123
0.04906768
0.07356457
0.09801714
0.12241068
0.14673047
0.17096189
0.19509032
0.21910124
0.24298018
0.26671275
0.29028466
0.31368175
0.33688986
0.35989505
0.38268343
0.40524131
0.42755508
0.44961134
0.47139674
0.49289820
0.51410276
0.53499764
0.55557024
0.57580817
0.59569931
0.61523157
0.63439327
0.65317285
0.67155898
0.68954057
0.70710677
0.72424710
0.74095112
0.75720882
0.77301043
0.78834641
0.80320752
0.81758481
0.83146960
0.84485358
0.85772860
0.87008697
0.88192129
0.89322430
0.90398932
0.91420978
0.92387950
0.93299282
0.94154406
0.94952816
0.95694035
0.96377605
0.97003126
0.97570211
0.98078525
0.98527765
0.98917651
0.99247956
0.99518472
0.99729043
0.99879545
0.99969882
1.00000000
0.99969882
0.99879545
0.99729043
0.99518472
0.99247956
0.98917651
0.98527765
0.98078525
0.97570211
0.97003126
0.96377605
0.95694035
0.94952816
0.94154406
0.93299282
0.92387950
0.91420978
0.90398932
0.89322430
0.88192129
0.87008697
0.85772860
0.84485358
0.83146960
0.81758481
0.80320752
0.78834641
0.77301043
0.75720882
0.74095112
0.72424710
0.70710677
0.68954057
0.67155898
0.65317285
0.63439327
0.61523157
0.59569931
0.57580817
0.55557024
0.53499764
0.51410276
0.49289820
0.47139674
0.44961134
0.42755508
0.40524131
0.38268343
0.35989505
0.33688986
0.31368175
0.29028466
0.26671275
0.24298018
0.21910124
0.19509032
0.17096189
0.14673047
0.12241068
0.09801714
0.07356457
0.04906768
0.02454123
0.00000000
-0.02454123
-0.04906768
-0.07356457
-0.09801714
-0.12241068
-0.14673047
-0.17096189
-0.19509032
-0.21910124
-0.24298018
-0.26671275
-0.29028466
-0.31368175
-0.33688986
-0.35989505
-0.38268343
-0.40524131
-0.42755508
-0.44961134
-0.47139674
-0.49289820
-0.51410276
-0.53499764
-0.55557024
-0.57580817
-0.59569931
-0.61523157
-0.63439327
-0.65317285
-0.67155898
-0.68954057
-0.70710677
-0.72424710
-0.74095112
-0.75720882
-0.77301043
-0.78834641
-0.80320752
-0.81758481
-0.83146960
-0.84485358
-0.85772860
-0.87008697
-0.88192129
-0.89322430
-0.90398932
-0.91420978
-0.92387950
-0.93299282
-0.94154406
-0.94952816
-0.95694035
-0.96377605
-0.97003126
-0.97570211
-0.98078525
-0.98527765
-0.98917651
-0.99247956
-0.99518472
-0.99729043
-0.99879545
-0.99969882
-1.00000000
-0.99969882
-0.99879545
-0.99729043
-0.99518472
-0.99247956
-0.98917651
-0.98527765
-0.98078525
-0.97570211
-0.97003126
-0.96377605
-0.95694035
-0.94952816
-0.94154406
-0.93299282
-0.92387950
-0.91420978
-0.90398932
-0.89322430
-0.88192129
-0.87008697
-0.85772860
-0.84485358
-0.83146960
-0.81758481
-0.80320752
-0.78834641
-0.77301043
-0.75720882
-0.74095112
-0.72424710
-0.70710677
-0.68954057
-0.67155898
-0.65317285
-0.63439327
-0.61523157
-0.59569931
-0.57580817
-0.55557024
-0.53499764
-0.51410276
-0.49289820
-0.47139674
-0.44961134
-0.42755508
-0.40524131
-0.38268343
-0.35989505
-0.33688986
-0.31368175
-0.29028466
-0.26671275
-0.24298018
-0.21910124
-0.19509032
-0.17096189
-0.14673047
-0.12241068
-0.09801714
-0.07356457
-0.04906768
-0.02454123
-0.00000000
0.02454123
0.04906768
0.07356457
0.09801714
0.12241068
0.14673047
0.17096189
0.19509032
0.21910124
0.24298018
0.26671275
0.29028466
0.31368175
0.33688986
0.35989505
0.38268343
0.40524131
0.42755508
0.44961134
0.47139674
0.49289820
0.51410276
0.53499764
0.55557024
0.57580817
0.59569931
0.61523157
0.63439327
0.65317285
0.67155898
0.68954057
0.70710677
0.72424710
0.74095112
0.75720882
0.77301043
0.78834641
0.80320752
0.81758481
0.83146960
0.84485358
0.85772860
0.87008697
0.88192129
0.89322430
0.90398932
0.91420978
0.92387950
0.93299282
0.94154406
0.94952816
0.95694035
0.96377605
0.97003126
0.97570211
0.98078525
0.98527765
0.98917651
0.99247956
0.99518472
0.99729043
0.99879545
0.99969882
1.00000000
0.99969882
0.99879545
0.99729043
0.99518472
0.99247956
0.98917651
0.98527765
0.98078525
0.97570211
0.97003126
0.96377605
0.95694035
0.94952816
0.94154406
0.93299282
0.92387950
0.91420978
0.90398932
0.89322430
0.88192129
0.87008697
0.85772860
0.84485358
0.83146960
0.81758481
0.80320752
0.78834641
0.77301043
0.75720882
0.74095112
0.72424710
0.70710677
0.68954057
0.67155898
0.65317285
0.63439327
0.61523157
0.59569931
0.57580817
0.55557024
0.53499764
0.51410276
0.49289820
0.47139674
0.44961134
0.42755508
0.40524131
0.38268343
0.35989505
0.33688986
0.31368175
0.29028466
0.26671275
0.24298018
0.21910124
0.19509032
0.17096189
0.14673047
0.12241068
0.09801714
0.07356457
0.04906768
0.02454123
0.00000000
-0.02454123
-0.04906768
-0.07356457
-0.09801714
-0.12241068
-0.14673047
-0.17096189
-0.19509032
-0.21910124
-0.24298018
-0.26671275
-0.29028466
-0.31368175
-0.33688986
-0.35989505
-0.38268343
-0.40524131
-0.42755508
-0.44961134
-0.47139674
-0.49289820
-0.51410276
-0.53499764
-0.55557024
-0.57580817
-0.59569931
-0.61523157
-0.63439327
-0.65317285
-0.67155898
-0.68954057
-0.70710677
-0.72424710
-0.74095112
-0.75720882
-0.77301043
-0.78834641
-0.80320752
-0.81758481
-0.83146960
-0.84485358
-0.85772860
-0.87008697
-0.88192129
-0.89322430
-0.90398932
-0.91420978
-0.92387950
-0.93299282
-0.94154406
-0.94952816
-0.95694035
-0.96377605
-0.97003126
-0.97570211
-0.98078525
-0.98527765
-0.98917651
-0.99247956
-0.99518472
-0.99729043
-0.99879545
-0.99969882
-1.00000000
-0.99969882
-0.99879545
-0.99729043
-0.99518472
-0.99247956
-0.98917651
-0.98527765
-0.98078525
-0.97570211
-0.97003126
-0.96377605
-0.95694035
-0.94952816
-0.94154406
-0.93299282
-0.92387950
-0.91420978
-0.90398932
-0.89322430
-0.88192129
-0.87008697
-0.85772860
-0.84485358
-0.83146960
-0.81758481
-0.80320752
-0.78834641
-0.77301043
-0.75720882
-0.74095112
-0.72424710
-0.70710677
-0.68954057
-0.67155898
-0.65317285
-0.63439327
-0.61523157
-0.59569931
-0.57580817
-0.55557024
-0.53499764
-0.51410276
-0.49289820
-0.47139674
-0.44961134
-0.42755508
-0.40524131
-0.38268343
-0.35989505
-0.33688986
-0.31368175
-0.29028466
-0.26671275
-0.24298018
-0.21910124
-0.19509032
-0.17096189
-0.14673047
-0.12241068
-0.09801714
-0.07356457
-0.04906768
-0.02454123
-0.00000000
0.02454123
0.04906768
0.07356457
0.09801714
0.12241068
0.14673047
0.17096189
0.19509032
0.21910124
0.24298018
0.26671275
0.29028466
0.31368175
0.33688986
0.35989505
0.38268343
0.40524131
0.42755508
0.44961134
0.47139674
0.49289820
0.51410276
0.53499764
0.55557024
0.57580817
0.59569931
0.61523157
0.63439327
0.65317285
0.67155898
0.68954057
0.70710677
0.72424710
0.74095112
0.75720882
0.77301043
0.78834641
0.80320752
0.81758481
0.83146960
0.84485358
0.85772860
0.87008697
0.88192129
0.89322430
0.90398932
0.91420978
0.92387950
0.93299282
0.94154406
0.94952816
0.95694035
0.96377605
0.97003126
0.97570211
0.98078525
0.98527765
0.98917651
0.99247956
0.99518472
0.99729043
0.99879545
0.99969882
1.00000000
0.99969882
0.99879545
0.99729043
0.99518472
0.99247956
0.98917651
0.98527765
0.98078525
0.97570211
0.97003126
0.96377605
0.95694035
0.94952816
0.94154406
0.93299282
0.92387950
0.91420978
0.90398932
0.89322430
0.88192129
0.87008697
0.85772860
0.84485358
0.83146960
0.81758481
0.80320752
0.78834641
0.77301043
0.75720882
0.74095112
0.72424710
0.70710677
0.68954057
0.67155898
0.65317285
0.63439327
0.61523157
0.59569931
0.57580817
0.55557024
0.53499764
0.51410276
0.49289820
0.47139674
0.44961134
0.42755508
0.40524131
0.38268343
0.35989505
0.33688986
0.31368175
0.29028466
0.26671275
0.24298018
0.21910124
0.19509032
0.17096189
0.14673047
0.12241068
0.09801714
0.07356457
0.04906768
0.02454123
0.00000000
-0.02454123
-0.04906768
-0.07356457
-0.09801714
-0.12241068
-0.14673047
-0.17096189
-0.19509032
-0.21910124
-0.24298018
-0.26671275
-0.29028466
-0.31368175
-0.33688986
-0.35989505
-0.38268343
-0.40524131
-0.42755508
-0.44961134
-0.47139674
-0.49289820
-0.51410276
-0.53499764
-0.55557024
-0.57580817
-0.59569931
-0.61523157
-0.63439327
-0.65317285
-0.67155898
-0.68954057
-0.70710677
-0.72424710
-0.74095112
-0.75720882
-0.77301043
-0.78834641
-0.80320752
-0.81758481
-0.83146960
-0.84485358
-0.85772860
-0.87008697
-0.88192129
-0.89322430
-0.90398932
-0.91420978
-0.92387950
-0.93299282
-0.94154406
-0.94952816
-0.95694035
-0.96377605
-0.97003126
-0.97570211
-0.98078525
-0.98527765
-0.98917651
-0.99247956
-0.99518472
-0.99729043
-0.99879545
-0.99969882
-1.00000000
-0.99969882
-0.99879545
-0.99729043
-0.99518472
-0.99247956
-0.98917651
-0.98527765
-0.98078525
-0.97570211
-0.97003126
-0.96377605
-0.95694035
-0.94952816
-0.94154406
-0.93299282
-0.92387950
-0.91420978
-0.90398932
-0.89322430
-0.88192129
-0.87008697
-0.85772860
-0.84485358
-0.83146960
-0.81758481
-0.80320752
-0.78834641
-0.77301043
-0.75720882
-0.74095112
-0.72424710
-0.70710677
-0.68954057
-0.67155898
-0.65317285
-0.63439327
-0.61523157
-0.59569931
-0.57580817
-0.55557024
-0.53499764
-0.51410276
-0.49289820
-0.47139674
-0.44961134
-0.42755508
-0.40524131
-0.38268343
-0.35989505
-0.33688986
-0.31368175
-0.29028466
-0.26671275
-0.24298018
-0.21910124
-0.19509032
-0.17096189
-0.14673047
-0.12241068
-0.09801714
-0.07356457
-0.04906768
-0.02454123
-0.00000000
0.02454123
0.04906768
0.07356457
0.09801714
0.12241068
0.14673047
0.17096189
0.19509032
0.21910124
0.24298018
0.26671275
0.29028466
0.31368175
0.33688986
0.35989505
0.38268343
0.40524131
0.42755508
0.44961134
0.47139674
0.49289820
0.51410276
0.53499764
0.55557024
0.57580817
0.59569931
0.61523157
0.63439327
0.65317285
0.67155898
0.68954057
0.70710677
0.72424710
0.74095112
0.75720882
0.77301043
0.78834641
0.80320752
0.81758481
0.83146960
0.84485358
0.85772860
0.87008697
0.88192129
0.89322430
0.90398932
0.91420978
0.92387950
0.93299282
0.94154406
0.94952816
0.95694035
0.96377605
0.97003126
0.97570211
0.98078525
0.98527765
0.98917651
0.99247956
0.99518472
0.99729043
0.99879545
0.99969882
1.00000000
0.99969882
0.99879545
0.99729043
0.99518472
0.99247956
0.98917651
0.98527765
0.98078525
0.97570211
0.97003126
0.96377605
0.95694035
0.94952816
0.94154406
0.93299282
0.92387950
0.91420978
0.90398932
0.89322430
0.88192129
0.87008697
0.85772860
0.84485358
0.83146960
0.81758481
0.80320752
0.78834641
0.77301043
0.75720882
0.74095112
0.72424710
0.70710677
0.68954057
0.67155898
0.65317285
0.63439327
0.61523157
0.59569931
0.57580817
0.55557024
0.53499764
0.51410276
0.49289820
0.47139674
0.44961134
0.42755508
0.40524131
0.38268343
0.35989505
0.33688986
0.31368175
0.29028466
0.26671275
0.24298018
0.21910124
0.19509032
0.17096189
0.14673047
0.12241068
0.09801714
0.07356457
0.04906768
0.02454123
0.00000000
-0.02454123
-0.04906768
-0.07356457
-0.09801714
-0.12241068
-0.14673047
-0.17096189
-0.19509032
-0.21910124
-0.24298018
-0.26671275
-0.29028466
-0.31368175
-0.33688986
-0.35989505
-0.38268343
-0.40524131
-0.42755508
-0.44961134
-0.47139674
-0.49289820
-0.51410276
-0.53499764
-0.55557024
-0.57580817
-0.59569931
-0.61523157
-0.63439327
-0.65317285
-0.67155898
-0.68954057
-0.70710677
-0.72424710
-0.74095112
-0.75720882
-0.77301043
-0.78834641
-0.80320752
-0.81758481
-0.83146960
-0.84485358
-0.85772860
-0.87008697
-0.88192129
-0.89322430
-0.90398932
-0.91420978
-0.92387950
-0.93299282
-0.94154406
-0.94952816
-0.95694035
-0.96377605
-0.97003126
-0.97570211
-0.98078525
-0.98527765
-0.98917651
-0.99247956
-0.99518472
-0.99729043
-0.99879545
-0.99969882
-1.00000000
-0.99969882
-0.99879545
-0.99729043
-0.99518472
-0.99247956
-0.98917651
-0.98527765
-0.98078525
-0.97570211
-0.97003126
-0.96377605
-0.95694035
-0.94952816
-0.94154406
-0.93299282
-0.92387950
-0.91420978
-0.90398932
-0.89322430
-0.88192129
-0.87008697
-0.85772860
-0.84485358
-0.83146960
-0.81758481
-0.80320752
-0.78834641
-0.77301043
-0.75720882
-0.74095112
-0.72424710
-0.70710677
-0.68954057
-0.67155898
-0.65317285
-0.63439327
-0.61523157
-0.59569931
-0.57580817
-0.55557024
-0.53499764
-0.51410276
-0.49289820
-0.47139674
-0.44961134
-0.42755508
-0.40524131
-0.38268343
-0.35989505
-0.33688986
-0.31368175
-0.29028466
-0.26671275
-0.24298018
-0.21910124
-0.19509032
-0.17096189
-0.14673047
-0.12241068
-0.09801714
-0.07356457
-0.04906768
-0.02454123
