-0.00000000
-0.00000000
-0.00000000
-0.00000000
0.00000000
-0.00000000
0.00000000
0.00000000
-0.00000000
0.00000000
-0.00000000
-0.00000000
0.00000000
-0.00000000
-0.00000000
0.00000000
-0.00000000
0.00000000
0.00000000
-0.00000000
0.00000000
0.00000000
-0.00000000
0.00000000
-0.00000000
-0.00000000
0.00000000
-0.00000000
0.00000000
0.00000000
0.00000000
0.00000000
0.00000440
0.00000456
0.00000395
0.00000725
-0.00000218
0.00001567
-0.00001251
0.00002218
-0.00000901
-0.00000393
0.00005849
-0.00013908
0.00028413
0.00174089
-0.00051970
0.00014619
0.00014619
-0.00051970
0.00174089
0.00028413
-0.00013908
0.00005849
-0.00000393
-0.00000901
0.00002218
-0.00001251
0.00001567
-0.00000218
0.00000725
0.00000395
0.00000456
0.00000440
0.00000748
0.00000706
0.00000665
0.00000624
0.00000581
0.00000523
0.00000489
0.00000441
0.00000390
0.00000334
0.00000292
0.00000238
0.00000179
0.00000125
0.00000080
0.00000024
-0.00000024
-0.00000080
-0.00000125
-0.00000179
-0.00000238
-0.00000292
-0.00000334
-0.00000390
-0.00000441
-0.00000489
-0.00000523
-0.00000581
-0.00000624
-0.00000665
-0.00000706
-0.00000748
-0.00000778
-0.00000818
-0.00000851
-0.00000882
-0.00000914
-0.00000941
-0.00000967
-0.00000992
-0.00001008
-0.00001027
-0.00001042
-0.00001056
-0.00001068
-0.00001073
-0.00001079
-0.00001081
-0.00001081
-0.00001079
-0.00001073
-0.00001068
-0.00001056
-0.00001042
-0.00001027
-0.00001008
-0.00000992
-0.00000967
-0.00000941
-0.00000914
-0.00000882
-0.00000851
-0.00000818
-0.00000778
-0.00000748
-0.00000706
-0.00000665
-0.00000624
-0.00000581
-0.00000523
-0.00000489
-0.00000441
-0.00000390
-0.00000334
-0.00000292
-0.00000238
-0.00000179
-0.00000125
-0.00000080
-0.00000024
0.00000024
0.00000080
0.00000125
0.00000179
0.00000238
0.00000292
0.00000334
0.00000390
0.00000441
0.00000489
0.00000523
0.00000581
0.00000624
0.00000665
0.00000706
0.00000748
0.00000778
0.00000818
0.00000851
0.00000882
0.00000914
0.00000941
0.00000967
0.00000992
0.00001008
0.00001027
0.00001042
0.00001056
0.00001068
0.00001073
0.00001079
0.00001081
0.00001081
0.00001079
0.00001073
0.00001068
0.00001056
0.00001042
0.00001027
0.00001008
0.00000992
0.00000967
0.00000941
0.00000914
0.00000882
0.00000851
0.00000818
0.00000778
0.00000748
0.00000706
0.00000665
0.00000624
0.00000581
0.00000523
0.00000489
0.00000441
0.00000390
0.00000334
0.00000292
0.00000238
0.00000179
0.00000125
0.00000080
0.00000024
-0.00000024
-0.00000080
-0.00000125
-0.00000179
-0.00000238
-0.00000292
-0.00000334
-0.00000390
-0.00000441
-0.00000489
-0.00000523
-0.00000581
-0.00000624
-0.00000665
-0.00000706
-0.00000748
-0.00000778
-0.00000818
-0.00000851
-0.00000882
-0.00000914
-0.00000941
-0.00000967
-0.00000992
-0.00001008
-0.00001027
-0.00001042
-0.00001056
-0.00001068
-0.00001073
-0.00001079
-0.00001081
-0.00001081
-0.00001079
-0.00001073
-0.00001068
-0.00001056
-0.00001042
-0.00001027
-0.00001008
-0.00000992
-0.00000967
-0.00000941
-0.00000914
-0.00000882
-0.00000851
-0.00000818
-0.00000778
-0.00000748
-0.00000706
-0.00000665
-0.00000624
-0.00000581
-0.00000523
-0.00000489
-0.00000441
-0.00000390
-0.00000334
-0.00000292
-0.00000238
-0.00000179
-0.00000125
-0.00000080
-0.00000024
0.00000024
0.00000080
0.00000125
0.00000179
0.00000238
0.00000292
0.00000334
0.00000390
0.00000441
0.00000489
0.00000523
0.00000581
0.00000624
0.00000665
0.00000706
0.00000748
0.00000778
0.00000818
0.00000851
0.00000882
0.00000914
0.00000941
0.00000967
0.00000992
0.00001008
0.00001027
0.00001042
0.00001056
0.00001068
0.00001073
0.00001079
0.00001081
0.00001081
0.00001079
0.00001073
0.00001068
0.00001056
0.00001042
0.00001027
0.00001008
0.00000992
0.00000967
0.00000941
0.00000914
0.00000882
0.00000851
0.00000818
0.00000778
0.00000748
0.00000706
0.00000665
0.00000624
0.00000581
0.00000523
0.00000489
0.00000441
0.00000390
0.00000334
0.00000292
0.00000238
0.00000179
0.00000125
0.00000080
0.00000024
-0.00000024
-0.00000080
-0.00000125
-0.00000179
-0.00000238
-0.00000292
-0.00000334
-0.00000390
-0.00000441
-0.00000489
-0.00000523
-0.00000581
-0.00000624
-0.00000665
-0.00000706
-0.00000748
-0.00000778
-0.00000818
-0.00000851
-0.00000882
-0.00000914
-0.00000941
-0.00000967
-0.00000992
-0.00001008
-0.00001027
-0.00001042
-0.00001056
-0.00001068
-0.00001073
-0.00001079
-0.00001081
-0.00001081
-0.00001079
-0.00001073
-0.00001068
-0.00001056
-0.00001042
-0.00001027
-0.00001008
-0.00000992
-0.00000967
-0.00000941
-0.00000914
-0.00000882
-0.00000851
-0.00000818
-0.00000778
-0.00000748
-0.00000706
-0.00000665
-0.00000624
-0.00000581
-0.00000523
-0.00000489
-0.00000441
-0.00000390
-0.00000334
-0.00000292
-0.00000238
-0.00000179
-0.00000125
-0.00000080
-0.00000024
0.00000024
0.00000080
0.00000125
0.00000179
0.00000238
0.00000292
0.00000334
0.00000390
0.00000441
0.00000489
0.00000523
0.00000581
0.00000624
0.00000665
0.00000706
0.00000748
0.00000778
0.00000818
0.00000851
0.00000882
0.00000914
0.00000941
0.00000967
0.00000992
0.00001008
0.00001027
0.00001042
0.00001056
0.00001068
0.00001073
0.00001079
0.00001081
0.00001081
0.00001079
0.00001073
0.00001068
0.00001056
0.00001042
0.00001027
0.00001008
0.00000992
0.00000967
0.00000941
0.00000914
0.00000882
0.00000851
0.00000818
0.00000778
0.00000748
0.00000706
0.00000665
0.00000624
0.00000581
0.00000523
0.00000489
0.00000441
0.00000390
0.00000334
0.00000292
0.00000238
0.00000179
0.00000125
0.00000080
0.00000024
-0.00000024
-0.00000080
-0.00000125
-0.00000179
-0.00000238
-0.00000292
-0.00000334
-0.00000390
-0.00000441
-0.00000489
-0.00000523
-0.00000581
-0.00000624
-0.00000665
-0.00000706
-0.00000748
-0.00000778
-0.00000818
-0.00000851
-0.00000882
-0.00000914
-0.00000941
-0.00000967
-0.00000992
-0.00001008
-0.00001027
-0.00001042
-0.00001056
-0.00001068
-0.00001073
-0.00001079
-0.00001081
-0.00001081
-0.00001079
-0.00001073
-0.00001068
-0.00001056
-0.00001042
-0.00001027
-0.00001008
-0.00000992
-0.00000967
-0.00000941
-0.00000914
-0.00000882
-0.00000851
-0.00000818
-0.00000778
