0.00000000
0.00000001
0.00000001
0.00000004
0.00000008
0.00000016
0.00000751
-0.00002215
0.00006740
-0.00006827
0.00008872
0.00005185
-0.00029346
0.00071197
-0.00219432
0.00238925
-0.00887629
-0.01287545
0.01199247
-0.00500855
0.00332230
-0.00183809
0.00108874
-0.00048888
0.00027132
-0.00004172
0.00005448
0.00003684
0.00003362
0.00002694
0.00002015
0.00001383
0.00000632
-0.00000083
-0.00000811
-0.00001538
-0.00002241
-0.00002921
-0.00003588
-0.00004232
-0.00004780
-0.00005305
-0.00005710
-0.00006187
-0.00006574
-0.00006872
-0.00007111
-0.00007266
-0.00007369
-0.00007397
-0.00007355
-0.00007230
-0.00007039
-0.00006795
-0.00006461
-0.00006127
-0.00005674
-0.00005138
-0.00004649
-0.00004029
-0.00003409
-0.00002718
-0.00002027
-0.00001383
-0.00000632
0.00000083
0.00000811
0.00001538
0.00002241
0.00002921
0.00003588
0.00004232
0.00004780
0.00005305
0.00005710
0.00006187
0.00006574
0.00006872
0.00007111
0.00007266
0.00007369
0.00007397
0.00007355
0.00007230
0.00007039
0.00006795
0.00006461
0.00006127
0.00005674
0.00005138
0.00004649
0.00004029
0.00003409
0.00002718
0.00002027
0.00001383
0.00000632
-0.00000083
-0.00000811
-0.00001538
-0.00002241
-0.00002921
-0.00003588
-0.00004232
-0.00004780
-0.00005305
-0.00005710
-0.00006187
-0.00006574
-0.00006872
-0.00007111
-0.00007266
-0.00007369
-0.00007397
-0.00007355
-0.00007230
-0.00007039
-0.00006795
-0.00006461
-0.00006127
-0.00005674
-0.00005138
-0.00004649
-0.00004029
-0.00003409
-0.00002718
-0.00002027
-0.00001383
-0.00000632
0.00000083
0.00000811
0.00001538
0.00002241
0.00002921
0.00003588
0.00004232
0.00004780
0.00005305
0.00005710
0.00006187
0.00006574
0.00006872
0.00007111
0.00007266
0.00007369
0.00007397
0.00007355
0.00007230
0.00007039
0.00006795
0.00006461
0.00006127
0.00005674
0.00005138
0.00004649
0.00004029
0.00003409
0.00002718
0.00002027
0.00001383
0.00000632
-0.00000083
-0.00000811
-0.00001538
-0.00002241
-0.00002921
-0.00003588
-0.00004232
-0.00004780
-0.00005305
-0.00005710
-0.00006187
-0.00006574
-0.00006872
-0.00007111
-0.00007266
-0.00007369
-0.00007397
-0.00007355
-0.00007230
-0.00007039
-0.00006795
-0.00006461
-0.00006127
-0.00005674
-0.00005138
-0.00004649
-0.00004029
-0.00003409
-0.00002718
-0.00002027
-0.00001383
-0.00000632
0.00000083
0.00000811
0.00001538
0.00002241
0.00002921
0.00003588
0.00004232
0.00004780
0.00005305
0.00005710
0.00006187
0.00006574
0.00006872
0.00007111
0.00007266
0.00007369
0.00007397
0.00007355
0.00007230
0.00007039
0.00006795
0.00006461
0.00006127
0.00005674
0.00005138
0.00004649
0.00004029
0.00003409
0.00002718
0.00002027
0.00001383
0.00000632
-0.00000083
-0.00000811
-0.00001538
-0.00002241
-0.00002921
-0.00003588
-0.00004232
-0.00004780
-0.00005305
-0.00005710
-0.00006187
-0.00006574
-0.00006872
-0.00007111
-0.00007266
-0.00007369
-0.00007397
-0.00007355
-0.00007230
-0.00007039
-0.00006795
-0.00006461
-0.00006127
-0.00005674
-0.00005138
-0.00004649
-0.00004029
-0.00003409
-0.00002718
-0.00002027
-0.00001383
