0.98305130
0.96037793
0.92845482
0.88759053
0.83817840
0.78069419
0.71568704
0.64378667
0.56569713
0.48213011
0.39397353
0.30195335
0.20706826
0.11025780
0.01200212
-0.08520742
-0.18499400
-0.26255837
-0.26086882
-0.25388548
-0.24297076
-0.23116425
-0.21600923
-0.19956858
-0.18068826
-0.16038221
-0.13836104
-0.11508788
-0.09067448
-0.06539736
-0.03949198
-0.01320621
0.01320621
0.03949198
0.06539736
0.09067448
0.11508788
0.13836104
0.16038221
0.18068826
0.19956858
0.21600923
0.23116425
0.24297076
0.25388548
0.26086882
0.26255837
0.18499400
0.08520742
-0.01200212
-0.11025780
-0.20706826
-0.30195335
-0.39397353
-0.48213011
-0.56569713
-0.64378667
-0.71568704
-0.78069419
-0.83817840
-0.88759053
-0.92845482
-0.96037793
-0.98305130
-1.97930896
-1.96024752
-1.92230701
-1.86585402
-1.79143178
-1.69975758
-1.59171343
-1.46833968
-1.33082533
-1.18049490
-1.01879525
-0.84728420
-0.66761309
-0.48151287
-0.29077524
-0.09723718
0.09723721
0.29077527
0.48151281
0.66761309
0.84728420
1.01879525
1.18049502
1.33082545
1.46833968
1.59171319
1.69975722
1.79143155
1.86585391
1.92230690
1.96024764
1.97930896
1.97930896
1.96024764
1.92230690
1.86585391
1.79143155
1.69975722
1.59171319
1.46833968
1.33082545
1.18049502
1.01879525
0.84728420
0.66761309
0.48151281
0.29077527
0.09723721
-0.09723718
-0.29077524
-0.48151287
-0.66761309
-0.84728420
-1.01879525
-1.18049490
-1.33082533
-1.46833968
-1.59171343
-1.69975758
-1.79143178
-1.86585402
-1.92230701
-1.96024752
-1.97930896
-0.01320624
-0.03949207
-0.06539738
-0.09067267
-0.11507517
-0.13836914
-0.16033059
-0.18074781
-0.19942456
-0.21618041
-0.23085475
-0.24330550
-0.25341335
-0.26108050
-0.26623335
-0.26882228
-0.26882225
-0.26623333
-0.26108038
-0.25341323
-0.24330539
-0.23085463
-0.21618032
-0.19942434
-0.18074742
-0.16033036
-0.13836895
-0.11507469
-0.09067262
-0.06539724
-0.03949188
-0.01320615
0.01320615
0.03949188
0.06539724
0.09067262
0.11507469
0.13836895
0.16033036
0.18074742
0.19942434
0.21618032
0.23085463
0.24330539
0.25341323
0.26108038
0.26623333
0.26882225
0.26882228
0.26623335
0.26108050
0.25341335
0.24330550
0.23085475
0.21618041
0.19942456
0.18074781
0.16033059
0.13836914
0.11507517
0.09067267
0.06539738
0.03949207
0.01320624
-1.97930908
-1.96024728
-1.92230678
-1.86585402
-1.79143178
-1.69975734
-1.59171319
-1.46833968
-1.33082557
-1.18049479
-1.01879513
-0.84728408
-0.66761309
-0.48151264
-0.29077509
-0.09723722
0.09723714
0.29077515
0.48151281
0.66761315
0.84728426
1.01879501
1.18049502
1.33082557
1.46833968
1.59171319
1.69975710
1.79143167
1.86585402
1.92230654
1.96024716
1.97930896
1.97930896
1.96024716
1.92230654
1.86585402
1.79143167
1.69975710
1.59171319
1.46833968
1.33082557
1.18049502
1.01879501
0.84728426
0.66761315
0.48151281
0.29077515
0.09723714
-0.09723722
-0.29077509
-0.48151264
-0.66761309
-0.84728408
-1.01879513
-1.18049479
-1.33082557
-1.46833968
-1.59171319
-1.69975734
-1.79143178
-1.86585402
-1.92230678
-1.96024728
-1.97930908
