-nan
-nan
-nan
-nan
-nan
-nan
-nan
-nan
-nan
-nan
-nan
-nan
-nan
-nan
-nan
-nan
-nan
-nan
-nan
-nan
-nan
-nan
-nan
-nan
-nan
-nan
-nan
-nan
-nan
-nan
-nan
-nan
-nan
-nan
-nan
-nan
-nan
-nan
-nan
-nan
-nan
-nan
-nan
-nan
-nan
-nan
-nan
-nan
-nan
-nan
-nan
-nan
-nan
-nan
-nan
-nan
-nan
-nan
-nan
-nan
-nan
-nan
-nan
-nan
-nan
-nan
-nan
-nan
-nan
-nan
-nan
-nan
-nan
-nan
-nan
-nan
-nan
-nan
-nan
-nan
-nan
-nan
-nan
-nan
-nan
-nan
-nan
-nan
-nan
-nan
-nan
-nan
-nan
-nan
-nan
-nan
-nan
-nan
-nan
-nan
-nan
-nan
-nan
-nan
-nan
-nan
-nan
-nan
-nan
-nan
-nan
-nan
-nan
-nan
-nan
-nan
-nan
-nan
-nan
-nan
-nan
-nan
-nan
-nan
-nan
-nan
-nan
-nan
-nan
-nan
469678561252659966035921731584.00000000
-108374117320421569409373437952.00000000
-177594791899916006694699663360.00000000
27391470515059362573343260672.00000000
44330006432119179814396493824.00000000
-8265906919790662012572270592.00000000
-13549666559256419573155495936.00000000
-2151800152412249073511301120.00000000
-0.26283327
-0.26745024
-0.26531622
-0.26286224
-0.26166731
-0.26049858
-0.25876388
-0.25662079
-0.25442910
-0.25232714
-0.25009510
-0.24745667
-0.24465495
-0.24192141
-0.23904406
-0.23583284
-0.23251528
-0.22920503
-0.22570190
-0.22195034
-0.21812464
-0.21425968
-0.21019883
-0.20594877
-0.20162044
-0.19723859
-0.19268544
-0.18796788
-0.18318027
-0.17831954
-0.17332773
-0.16818206
-0.16297057
-0.15768653
-0.15230069
-0.14678280
-0.14118510
-0.13552980
-0.12981552
-0.12397285
-0.11802762
-0.11206566
-0.10608605
-0.09996497
-0.09374236
-0.08753260
-0.08129872
-0.07498048
-0.06865031
-0.06215310
-0.05550397
-0.04941034
-0.04354544
-0.03446586
-0.03107808
-0.02306776
-0.01569778
-0.01023144
-0.00384309
0.00384139
0.01023973
0.01570868
0.02306079
0.03105275
0.03445315
0.04356108
0.04942641
0.05550344
0.06216568
0.06868322
0.07497556
0.08122833
0.08746955
0.09375427
0.10001751
0.10613303
0.11213271
0.11810659
0.12394986
0.12963384
0.13532338
0.14112444
0.14689125
0.15252227
0.15797877
0.16319701
0.16809128
0.17284060
0.17773220
0.18291479
0.18821238
0.19336039
0.19805677
0.20214805
0.20564261
0.20903826
0.21292420
0.21757910
0.22256452
0.22723258
0.23094310
0.23341052
0.23489180
0.23657455
0.23958525
0.24405864
0.24898316
0.25315347
0.25537682
0.25524601
0.25381342
0.25353187
0.25651699
0.26311678
0.27029037
0.27237841
0.26575357
0.25327849
0.23969765
0.22395736
0.20116188
0.17224678
0.14410122
0.12031168
0.09786283
0.07402446
0.04959488
0.02543257
0.00055786
-0.02500214
-0.04991911
-0.07375351
-0.09754479
-0.12183137
-0.14638270
-0.17086603
-0.19526638
-0.21938007
-0.24313192
-0.26658168
-0.28997928
-0.31335005
-0.33666387
-0.35974717
-0.38256207
-0.40509191
-0.42747593
-0.44974425
-0.47179401
-0.49329126
-0.51401687
-0.53406066
-0.55400026
-0.57448393
-0.59574246
-0.61716241
-0.63742757
-0.65527642
-0.67060941
-0.68501353
-0.70112681
-0.72082359
-0.74344033
-0.76556760
-0.78270555
-0.79242259
-0.79683870
-0.80229628
-0.81596583
-0.84037828
-0.87054825
-0.89539778
-0.90450346
-0.89567548
-0.87888998
-0.87216043
-0.89085513
-0.93582010
-0.98891860
-1.02034783
-1.00596273
-0.94540268
-0.87006634
-0.83395112
-0.88988990
-1.06233072
-1.33121228
-1.63656592
-1.90244985
-2.06906772
-2.11662459
-2.06989980
-1.98198807
-1.90716338
-1.87693107
-1.89097512
-1.92498899
-1.94915247
-1.94525111
-1.91419792
-1.87128234
-1.83468580
-1.81440759
-1.80837381
-1.80598080
-1.79625475
-1.77415991
-1.74236679
-1.70787752
-1.67722654
-1.65250838
-1.63145578
-1.60933781
-1.58292580
-1.55150962
-1.51716137
-1.48228681
-1.44868863
-1.41621494
-1.38382351
-1.34993589
-1.31415629
-1.27663457
-1.23825407
-1.19933796
-1.16025734
-1.12074256
-1.08071089
-1.03972387
-0.99800646
-0.95557630
-0.91271496
-0.86917418
-0.82517946
-0.78067404
-0.73585886
-0.69043058
-0.64461696
-0.59839225
-0.55197138
-0.50505018
-0.45784855
-0.41034991
-0.36276969
-0.31480470
-0.26666930
-0.21835540
-0.17007387
-0.12152702
-0.07292245
-0.02425842
0.02425974
0.07292110
0.12152686
0.17007214
0.21835969
0.26666704
0.31480578
0.36276489
0.41035697
0.45784464
0.50505292
0.55196369
0.59840173
0.64461279
0.69043612
0.73584718
0.78068399
0.82517332
0.86916989
0.91264373
0.95544767
0.99778700
1.03953314
1.08065116
1.12101007
1.16079164
1.19988585
1.23825133
1.27577639
1.31261659
1.34868193
1.38392627
1.41825569
1.45180035
1.48449004
1.51627374
1.54707766
1.57700324
1.60600162
1.63401854
1.66099989
1.68701804
1.71204638
1.73602653
1.75892532
1.78078604
1.80160296
1.82131565
1.83991206
1.85740447
1.87380993
1.88906443
1.90317857
1.91613436
1.92797053
1.93862104
1.94811749
1.95641196
1.96356440
1.96950817
1.97429514
1.97784710
1.98024654
1.98142529
1.98145723
1.98023558
1.97785974
1.97426283
1.96953905
1.96355283
1.95642412
1.94808626
1.93865156
1.92795908
1.91614604
1.90314841
1.88909423
1.87379897
1.85741580
1.83988225
1.82134414
1.80159223
1.78079689
1.75889647
1.73605335
1.71203661
1.68702841
1.66097283
1.63404381
1.60599279
1.57701313
1.54705238
1.51629722
1.48448181
1.45180988
1.41823304
1.38394749
1.34867430
1.31262517
1.27575552
1.23827040
1.19987881
1.16079938
1.12099195
1.08066797
1.03952825
0.99779361
0.95543182
0.91265738
0.86916584
0.82517934
0.78067070
0.73585773
0.69043273
0.64461756
0.59839123
0.55197150
0.50505078
0.45784831
0.41034943
0.36276966
0.31480494
0.26666945
0.21835537
0.17007390
0.12152707
0.07292243
0.02425842
-0.02425980
-0.07292118
-0.12152673
-0.17007205
-0.21835983
-0.26666683
-0.31480527
-0.36276498
-0.41035774
-0.45784512
-0.50505179
-0.55196339
-0.59840363
-0.64461154
-0.69043189
-0.73584920
-0.78069049
-0.82517356
-0.86918658
-0.91275710
-0.95573252
-0.99820757
-1.03991950
-1.08073294
-1.12050962
-1.15971065
-1.19880795
-1.23821509
-1.27751708
-1.31565607
-1.35118973
-1.38367712
-1.41423273
-1.44557810
-1.48010993
-1.51798177
-1.55593967
-1.58877349
-1.61267090
-1.62886703
-1.64412570
-1.66746223
-1.70372844
-1.74857819
-1.78932548
-1.81160080
-1.81037402
-1.79547763
-1.78910780
-1.81203628
-1.86872208
-1.93905270
-1.98708785
-1.98196650
-1.92212284
-1.84365034
-1.80628407
-1.85814250
-2.00011539
-2.16920948
-2.25759912
-2.15940499
-1.82594085
-1.29711711
-0.69308484
-0.16546574
0.16589604
0.26163620
0.17106229
0.00066437
-0.14129683
-0.19157198
-0.15108521
-0.06810780
-0.00260480
0.00924323
-0.03106055
-0.09256369
-0.13925861
-0.15089069
-0.13196248
-0.10327476
-0.08716017
-0.09343104
-0.11712770
-0.14381066
-0.16082184
-0.16370817
-0.15741271
-0.15093775
-0.15117182
-0.15927330
-0.17152296
-0.18263549
-0.18945011
-0.19201234
-0.19284758
-0.19462383
-0.19859144
-0.20419651
-0.21012442
-0.21523121
-0.21924204
-0.22244896
-0.22547667
-0.22869880
-0.23213561
-0.23551835
-0.23874478
-0.24180786
-0.24472517
-0.24738733
-0.24985455
-0.25223419
-0.25453350
-0.25659606
-0.25844789
-0.26020709
-0.26188731
-0.26333013
-0.26454917
-0.26567668
-0.26672128
-0.26752776
-0.26810336
-0.26858777
-0.26898566
-0.26914817
-0.26907545
-0.26891270
-0.26866010
-0.26817659
-0.26745611
-0.26664773
-0.26574701
-0.26462221
-0.26326093
-0.26181495
-0.26027432
-0.25851953
-0.25653073
-0.25446087
-0.25229555
-0.24992707
-0.24732970
-0.24465597
-0.24188659
-0.23892760
-0.23574719
-0.23249520
-0.22914857
-0.22562709
-0.22189358
-0.21809512
-0.21420357
-0.21015377
-0.20590344
-0.20159477
-0.19719581
-0.19265676
-0.18793014
-0.18315238
-0.17828834
-0.17330405
-0.16814733
-0.16294704
-0.15766458
-0.15228266
-0.14674510
-0.14117220
-0.13552210
-0.12979440
-0.12392932
-0.11803731
-0.11207414
-0.10605606
-0.09992028
-0.09376615
-0.08754742
-0.08129672
-0.07494908
-0.06859189
-0.06217723
-0.05575414
-0.04925591
-0.04275715
-0.03620843
-0.02967449
-0.02308793
-0.01651003
-0.00989075
-0.00330957
0.00330143
0.00989511
0.01652167
0.02308731
0.02965958
0.03620560
0.04277546
0.04926206
0.05573222
0.06216760
0.06861742
0.07496240
0.08126777
0.08753044
0.09379830
0.09994075
0.10602075
0.11205031
0.11807586
0.12395658
0.12975276
0.13549136
0.14121664
0.14677913
0.15223554
0.15762761
0.16299698
0.16818728
0.17325135
0.17824529
0.18320760
0.18797630
0.19259946
0.19714683
0.20165411
0.20595494
0.21009256
0.21414961
0.21815816
0.22194980
0.22556247
0.22909036
0.23256159
0.23580733
0.23885961
0.24182437
0.24472529
0.24739383
0.24985661
0.25222969
0.25453213
0.25659806
0.25844747
0.26020575
0.26188767
0.26333091
0.26454923
0.26567617
0.26672107
0.26752788
0.26810333
0.26858768
0.26898572
0.26914823
0.26907554
0.26891279
0.26866001
0.26817656
0.26745629
0.26664767
0.26574665
0.26462233
0.26326188
0.26181552
0.26027343
0.25851938
0.25653303
0.25445971
0.25229135
0.24992943
0.24733630
0.24465632
0.24190331
0.23904109
0.23603238
0.23291582
0.22953491
0.22570887
0.22139329
0.21701457
0.21312585
0.21011724
0.20764419
0.20463471
0.19970390
0.19240811
0.18390726
0.17692989
0.17390843
0.17501253
0.17700969
0.17471790
0.16433382
0.14713104
0.12987083
0.12161610
0.12720402
0.14234631
0.15432951
0.14885254
0.12084549
0.08021870
0.04911651
0.04839814
0.08245930
0.13128467
0.15885812
0.13442405
0.05632972
-0.03921638
-0.09257763
-0.05551243
0.07275969
0.22937614
0.30639321
0.19806781
-0.14441518
-0.68099928
-1.29167438
-1.82466459
-2.16027689
-2.25898623
-2.17026091
-2.00042272
-1.85790265
-1.80577624
-1.84329844
-1.92201889
-1.98215806
-1.98735356
-1.93930137
-1.86876559
-1.81195581
-1.78893268
-1.79540277
-1.81036878
-1.81171274
-1.78942263
-1.74867892
-1.70371747
-1.66742349
-1.64404380
-1.62886691
-1.61268306
-1.58883882
-1.55596697
-1.51802576
-1.48009181
-1.44556785
-1.41419721
-1.38369977
-1.35119760
-1.31568789
-1.27751398
-1.23823810
-1.19879723
-1.15971518
-1.12049270
-1.08075368
-1.03991961
-0.99821961
-0.95572078
-0.91277218
-0.86918229
-0.82517940
-0.78067726
-0.73585999
-0.69042832
-0.64461619
-0.59839332
-0.55197120
-0.50504947
-0.45784852
-0.41034999
-0.36276942
-0.31480426
-0.26666909
-0.21835543
-0.17007384
-0.12152700
-0.07292254
-0.02425850
0.02425969
0.07292105
0.12152679
0.17007203
0.21835956
0.26666692
0.31480569
0.36276481
0.41035688
0.45784461
0.50505292
0.55196363
0.59840161
0.64461279
0.69043601
0.73584723
0.78068411
0.82517344
0.86916989
0.91264361
0.95544755
0.99778688
1.03953290
1.08065093
1.12101007
1.16079140
1.19988596
1.23825157
1.27577639
1.31261647
1.34868181
1.38392603
1.41825569
1.45180035
1.48448992
1.51627350
1.54707766
1.57700324
1.60600173
1.63401854
1.66099989
1.68701780
1.71204615
1.73602629
1.75892520
1.78078604
1.80160296
1.82131577
1.83991206
1.85740471
1.87381005
1.88906443
1.90317857
1.91613436
1.92797005
1.93862057
1.94811726
1.95641196
1.96356380
1.96950746
1.97429442
1.97784710
1.98024678
1.98142552
1.98145735
1.98023570
1.97785974
1.97426307
1.96953881
1.96355236
1.95642364
1.94808578
1.93865097
1.92795861
1.91614580
1.90314817
1.88909423
1.87379897
1.85741580
1.83988237
1.82134414
1.80159223
1.78079689
1.75889647
1.73605335
1.71203661
1.68702841
1.66097295
1.63404369
1.60599279
1.57701313
1.54705250
1.51629722
1.48448169
1.45180988
1.41823304
1.38394749
1.34867430
1.31262505
1.27575588
1.23827028
1.19987905
1.16079926
1.12099171
1.08066761
1.03952801
0.99779326
0.95543164
0.91265738
0.86916584
0.82517946
0.78067070
0.73585778
0.69043267
0.64461750
0.59839123
0.55197155
0.50505072
0.45784840
0.41034946
0.36276951
0.31480476
0.26666924
