-0.01312803
-0.03972524
-0.06578477
-0.09013452
-0.11438968
-0.13919598
-0.16129379
-0.17966604
-0.19823661
-0.21751694
-0.23226294
-0.24180076
-0.25190005
-0.26278535
-0.26786762
-0.26704162
0.38741362
0.40939578
0.42376336
0.43045145
0.44111001
0.45498562
0.45932183
0.45550114
0.45662436
0.46012682
0.45361376
0.44195139
0.43219462
0.40154928
0.32470730
0.22393349
0.38753033
0.41050810
0.42697439
0.43688339
0.45209497
0.47208646
0.48373693
0.48821506
0.49947438
0.51513022
0.52134299
0.52311003
0.52862358
0.50935638
0.42882136
0.30919486
0.20875569
0.13283603
0.03616305
-0.08481163
-0.18366456
-0.25661290
-0.35282910
-0.47586823
-0.57150614
-0.63515610
-0.72633493
-0.85003901
-0.93928742
-0.98746920
-1.06973147
-1.19387031
-1.27367795
-1.29876041
-1.36846268
-1.49599850
-1.56404436
-1.55420518
-1.60738194
-1.74963546
-1.80573964
-1.73492205
-1.76423240
-1.96472251
-2.02103472
-1.77909768
-1.72455978
-2.40303469
-3.52067542
-4.19575548
-4.09889030
-3.78020740
-3.76675987
-3.90383005
-3.83575273
-3.63407421
-3.56632280
-3.59192276
-3.49589014
-3.30468202
-3.19962668
-3.16273355
-3.03710103
-2.83642340
-2.70056581
-2.61963129
-2.46791887
-2.25383592
-2.09316421
-1.97981584
-1.80736971
-1.58155167
-1.40256226
-1.26641142
-1.07963490
-0.84640825
-0.65614104
-0.50612128
-0.31207219
-0.07718027
0.11696200
0.27223349
0.46616870
0.69626606
0.88676631
1.03898060
1.22539389
1.44401467
1.62351561
1.76480973
1.93656778
2.13720393
2.29878283
2.42193317
2.57245564
2.74910688
2.87265110
2.93702054
3.01896667
3.11885428
3.16899920
3.16817045
3.18409801
3.21693158
3.19822550
3.12834120
3.07584453
3.04053354
2.95579219
2.82370853
2.71082449
2.61634803
-0.00432999
0.00544725
0.00828997
0.00136118
0.00475347
0.02189838
0.02982288
0.02435852
0.03152316
0.05605497
0.06752492
0.05925461
0.06893323
0.11614458
0.17231835
0.21575160
0.38308233
0.41485783
0.43211615
0.43183297
0.44598186
0.47770706
0.49072993
0.48160908
0.49110568
0.52288258
0.53122085
0.51208735
0.51650786
0.54887611
0.55227774
0.52183127
0.52092516
0.55500132
0.55343264
0.51009274
0.50377589
0.54147780
0.53514695
0.47675782
0.46508521
0.50954062
0.49893552
0.42218012
0.40527350
0.46165216
0.44763100
0.34676099
0.32462490
0.40207100
0.38613927
0.24979305
0.22174489
0.33877623
0.32416034
0.12534130
0.08754611
0.29232907
0.29020560
-0.06122744
-0.13592482
0.37431240
0.50247633
-0.84283340
-3.07813501
-4.43985701
-4.26517582
-3.65440702
-3.66547918
-3.98877263
-3.90907288
-3.56942439
-3.50838017
-3.64452982
-3.54415369
-3.26001835
-3.15799522
-3.20177770
-3.07391405
-2.80155420
-2.66740370
-2.65128326
-2.49822545
-2.22473359
-2.06514645
-2.00685239
-1.83351517
-1.55621767
-1.37797093
-1.29032183
-1.10291886
-0.82370114
-0.63396740
-0.52780080
-0.33329388
-0.05638365
0.13736314
0.25220051
0.44647878
0.71563554
0.90583712
1.02018833
1.20686233
1.46230280
1.64157617
1.74696112
1.91891730
2.15466881
2.31607556
2.40480042
2.55547214
2.76595235
