-0.00000325
0.00001122
-0.00001467
0.00002343
-0.00002469
0.00003358
-0.00003379
0.00004234
-0.00004225
0.00005011
-0.00005031
0.00005722
-0.00005813
0.00006382
-0.00006588
0.00007020
-0.00000250
0.00000742
-0.00001270
0.00001726
-0.00002343
0.00002722
-0.00003496
0.00003752
-0.00004767
0.00004843
-0.00006206
0.00006029
-0.00007891
0.00007371
-0.00009964
0.00009118
-0.00012225
0.00008811
-0.00012350
0.00008099
-0.00012803
0.00008025
-0.00012662
0.00009203
-0.00012103
0.00010866
-0.00014458
0.00009135
-0.00040585
-0.00006802
0.00015585
0.00003501
0.00098359
0.00138379
-0.00034189
-0.00136693
0.00022305
-0.00026719
0.00015575
-0.00013627
0.00008173
-0.00008834
0.00004342
-0.00005243
0.00002405
-0.00002457
0.00000992
-0.00000435
0.00000038
-0.00000120
0.00000209
-0.00000301
0.00000404
-0.00000502
0.00000602
-0.00000711
0.00000821
-0.00000920
0.00001023
-0.00001133
0.00001233
-0.00001313
0.00001404
-0.00001488
0.00000053
-0.00000158
0.00000261
-0.00000366
0.00000464
-0.00000554
0.00000642
-0.00000729
0.00000801
-0.00000863
0.00000928
-0.00000986
0.00001013
-0.00001049
0.00001070
-0.00001078
0.00001024
-0.00000926
0.00000817
-0.00000723
0.00000621
-0.00000527
0.00000438
-0.00000356
0.00000279
-0.00000215
0.00000151
-0.00000105
0.00000063
-0.00000032
0.00000011
-0.00000001
-0.00000039
0.00000102
-0.00000163
0.00000211
-0.00000257
0.00000280
-0.00000309
0.00000314
-0.00000316
0.00000306
-0.00000285
0.00000254
-0.00000215
0.00000163
-0.00000104
0.00000036
-0.00000038
0.00000120
-0.00000209
0.00000301
-0.00000404
0.00000502
-0.00000602
0.00000711
-0.00000821
0.00000920
-0.00001023
0.00001133
-0.00001233
0.00001313
-0.00001404
0.00001488
-0.00000053
0.00000158
-0.00000261
0.00000366
-0.00000464
0.00000554
-0.00000642
0.00000729
-0.00000801
0.00000863
-0.00000928
0.00000986
-0.00001013
0.00001049
-0.00001070
0.00001078
-0.00001024
0.00000926
-0.00000817
0.00000723
-0.00000621
0.00000527
-0.00000438
0.00000356
-0.00000279
0.00000215
-0.00000151
0.00000105
-0.00000063
0.00000032
-0.00000011
0.00000001
0.00000039
-0.00000102
0.00000163
-0.00000211
0.00000257
-0.00000280
0.00000309
-0.00000314
0.00000316
-0.00000306
0.00000285
-0.00000254
0.00000215
-0.00000163
0.00000104
-0.00000036
0.00000038
-0.00000120
0.00000209
-0.00000301
0.00000404
-0.00000502
0.00000602
-0.00000711
0.00000821
-0.00000920
0.00001023
-0.00001133
0.00001233
-0.00001313
0.00001404
-0.00001488
0.00000053
-0.00000158
0.00000261
-0.00000366
0.00000464
-0.00000554
0.00000642
-0.00000729
0.00000801
-0.00000863
0.00000928
-0.00000986
0.00001013
-0.00001049
0.00001070
-0.00001078
0.00001024
-0.00000926
0.00000817
-0.00000723
0.00000621
-0.00000527
0.00000438
-0.00000356
0.00000279
-0.00000215
0.00000151
-0.00000105
0.00000063
-0.00000032
0.00000011
-0.00000001
-0.00000039
0.00000102
-0.00000163
0.00000211
-0.00000257
0.00000280
-0.00000309
0.00000314
-0.00000316
0.00000306
-0.00000285
0.00000254
-0.00000215
0.00000163
-0.00000104
0.00000036
-0.00000038
0.00000120
-0.00000209
0.00000301
-0.00000404
0.00000502
-0.00000602
0.00000711
-0.00000821
0.00000920
-0.00001023
0.00001133
-0.00001233
0.00001313
-0.00001404
0.00001488
-0.00000053
0.00000158
-0.00000261
0.00000366
-0.00000464
0.00000554
-0.00000642
0.00000729
-0.00000801
0.00000863
-0.00000928
0.00000986
-0.00001013
0.00001049
-0.00001070
0.00001078
-0.00001024
0.00000926
-0.00000817
0.00000723
-0.00000621
0.00000527
-0.00000438
0.00000356
-0.00000279
0.00000215
-0.00000151
0.00000105
-0.00000063
0.00000032
-0.00000011
0.00000001
0.00000039
-0.00000102
0.00000163
-0.00000211
0.00000257
-0.00000280
0.00000309
-0.00000314
0.00000316
-0.00000306
0.00000285
-0.00000254
0.00000215
-0.00000163
0.00000104
-0.00000036
0.00000038
-0.00000120
0.00000209
-0.00000301
0.00000404
-0.00000502
0.00000602
-0.00000711
0.00000821
-0.00000920
0.00001023
-0.00001133
0.00001233
-0.00001313
0.00001404
-0.00001488
0.00000053
-0.00000158
0.00000261
-0.00000366
0.00000464
-0.00000554
0.00000642
-0.00000729
0.00000801
-0.00000863
0.00000928
-0.00000986
0.00001013
-0.00001049
0.00001070
-0.00001078
0.00001024
-0.00000926
0.00000817
-0.00000723
0.00000621
-0.00000527
0.00000438
-0.00000356
0.00000279
-0.00000215
0.00000151
-0.00000105
0.00000063
-0.00000032
0.00000011
-0.00000001
-0.00000039
0.00000102
-0.00000163
0.00000211
-0.00000257
0.00000280
-0.00000309
0.00000314
-0.00000316
0.00000306
-0.00000285
0.00000254
-0.00000215
0.00000163
-0.00000104
0.00000036
-0.00000038
0.00000120
-0.00000209
0.00000301
-0.00000404
0.00000502
-0.00000602
0.00000711
-0.00000821
0.00000920
-0.00001023
0.00001133
-0.00001233
0.00001313
-0.00001404
0.00001488
-0.00000053
0.00000158
-0.00000261
0.00000366
-0.00000464
0.00000554
-0.00000642
0.00000729
-0.00000801
0.00000863
-0.00000928
0.00000986
-0.00001013
0.00001049
-0.00001070
0.00001078
-0.00001024
0.00000926
-0.00000817
0.00000723
-0.00000621
0.00000527
-0.00000438
0.00000356
-0.00000279
0.00000215
-0.00000151
0.00000105
-0.00000063
0.00000032
-0.00000011
0.00000001
0.00000039
-0.00000102
0.00000163
-0.00000211
0.00000257
-0.00000280
0.00000309
-0.00000314
0.00000316
-0.00000306
0.00000285
-0.00000254
0.00000215
-0.00000163
0.00000104
-0.00000036
0.00000038
-0.00000120
0.00000209
-0.00000301
0.00000404
-0.00000502
0.00000602
-0.00000711
0.00000821
-0.00000920
0.00001023
-0.00001133
0.00001233
-0.00001313
0.00001404
-0.00001488
0.00000053
-0.00000158
0.00000261
-0.00000366
0.00000464
-0.00000554
0.00000642
-0.00000729
0.00000801
-0.00000863
0.00000928
-0.00000986
0.00001013
-0.00001049
0.00001070
-0.00001078
0.00001024
-0.00000926
0.00000817
-0.00000723
0.00000621
-0.00000527
0.00000438
-0.00000356
0.00000279
-0.00000215
0.00000151
-0.00000105
0.00000063
-0.00000032
0.00000011
-0.00000001
-0.00000039
0.00000102
-0.00000163
0.00000211
-0.00000257
0.00000280
-0.00000309
0.00000314
-0.00000316
0.00000306
-0.00000285
0.00000254
-0.00000215
0.00000163
-0.00000104
0.00000036
