-0.00000328
0.00000894
0.00004838
-0.00006388
-0.00003014
0.00003715
0.00010405
-0.00011520
-0.00005832
0.00006518
0.00014313
-0.00015101
-0.00008390
0.00008933
0.00017177
-0.00017872
0.00013343
-0.00012126
-0.00039225
0.00036815
0.00013424
-0.00013425
-0.00031497
0.00029864
0.00013157
-0.00012949
-0.00025267
0.00023846
0.00011913
-0.00011446
-0.00019912
0.00018772
0.00042794
-0.00048645
-0.00004385
0.00007262
0.00048484
-0.00055010
0.00009799
-0.00019057
0.00069822
-0.00054858
0.00019958
-0.00089038
0.00162464
-0.00062155
-0.00035144
-0.00202371
0.00561796
-0.00384281
-0.00394964
0.00920891
-0.00564316
-0.00144777
0.00301589
0.00085949
-0.00286502
0.00050669
0.00144103
-0.00003138
-0.00164960
0.00079737
0.00063066
-0.00018530
-0.00092522
0.00067464
0.00020478
-0.00009896
-0.00054593
0.00048030
0.00001100
0.00001592
-0.00036084
0.00032920
-0.00007796
0.00009653
-0.00025130
0.00022925
-0.00015096
0.00016919
-0.00016919
0.00015096
-0.00022925
0.00025130
-0.00009653
0.00007796
-0.00032920
0.00036084
-0.00001592
-0.00001100
-0.00048030
0.00054593
0.00009896
-0.00020478
-0.00067464
0.00092522
0.00018530
-0.00063066
-0.00079737
0.00164960
0.00003138
-0.00144103
-0.00050669
0.00286502
-0.00085949
-0.00301589
0.00144777
0.00564316
-0.00920891
0.00394964
0.00384281
-0.00561796
0.00202371
0.00035144
0.00062155
-0.00162464
0.00089038
-0.00019958
0.00054858
-0.00069822
0.00019057
-0.00009799
0.00055010
-0.00048484
-0.00007262
0.00004385
0.00048645
-0.00042794
0.00042710
-0.00048284
-0.00004750
0.00007732
0.00046534
-0.00052047
0.00008148
-0.00016438
0.00062294
-0.00047294
0.00015549
-0.00073308
0.00130796
-0.00046952
-0.00028441
-0.00145073
0.00003971
-0.00006690
0.00002690
-0.00002083
0.00014060
-0.00018178
0.00006573
-0.00010337
0.00031764
-0.00028055
0.00013044
-0.00050660
0.00096433
-0.00040864
-0.00020834
-0.00141112
-0.00002680
0.00002457
-0.00002245
0.00002004
-0.00001744
0.00001500
-0.00001255
0.00000964
-0.00000641
0.00000328
-0.00000026
-0.00000296
0.00000638
-0.00000970
0.00001292
-0.00001626
0.00001971
-0.00002307
0.00002638
-0.00002982
0.00003330
-0.00003662
0.00003982
-0.00004311
0.00004644
-0.00004952
0.00005234
-0.00005512
0.00005796
-0.00006075
0.00006344
-0.00006613
0.00006881
-0.00007129
0.00007343
-0.00007537
0.00007729
-0.00007921
0.00008095
-0.00008242
0.00008372
-0.00008496
0.00008605
-0.00008678
0.00008718
-0.00008753
0.00008803
-0.00008845
0.00008845
-0.00008803
0.00008753
-0.00008718
0.00008678
-0.00008605
0.00008496
-0.00008372
0.00008242
-0.00008095
0.00007921
-0.00007729
0.00007537
-0.00007343
0.00007129
-0.00006881
0.00006613
-0.00006344
0.00006075
-0.00005796
0.00005512
-0.00005234
0.00004952
-0.00004644
0.00004311
-0.00003982
0.00003662
-0.00003330
0.00002982
-0.00002638
0.00002307
-0.00001971
0.00001626
-0.00001292
0.00000970
-0.00000638
0.00000296
0.00000026
-0.00000328
0.00000641
-0.00000964
0.00001255
-0.00001500
0.00001744
-0.00002004
0.00002245
-0.00002457
0.00002680
