-0.00002329
-0.00006690
-0.00010232
-0.00012633
-0.00013818
-0.00013919
-0.00013195
-0.00011926
-0.00010349
-0.00008632
-0.00006874
-0.00005134
-0.00003444
-0.00001829
-0.00000304
0.00001114
0.00002410
0.00003567
0.00004573
0.00005416
0.00006095
0.00006615
0.00006988
0.00007226
0.00007339
0.00007348
0.00007281
0.00007163
0.00007000
0.00006800
0.00006600
0.00006469
0.00014870
-0.00012573
0.00008557
-0.00003739
-0.00000952
0.00004879
-0.00007800
0.00009801
-0.00011124
0.00012000
-0.00012573
0.00012890
-0.00012959
0.00012784
-0.00012385
0.00011797
-0.00011045
0.00010154
-0.00009150
0.00008065
-0.00006947
0.00005828
-0.00004745
0.00003726
-0.00002802
0.00002009
-0.00001360
0.00000865
-0.00000509
0.00000268
0.00000615
0.00000593
0.00000000
-0.00000000
-0.00000000
-0.00000001
-0.00000000
0.00000001
-0.00000001
0.00000000
0.00000001
-0.00000000
0.00000000
-0.00000000
0.00000000
0.00000000
-0.00000001
-0.00000000
0.00000000
-0.00000000
0.00000000
0.00000002
0.00000001
0.00000000
0.00000001
-0.00000000
-0.00000001
-0.00000001
-0.00000000
0.00000000
0.00000000
0.00000000
-0.00000735
-0.00000560
-0.00000000
0.00000000
0.00000000
0.00000001
0.00000000
-0.00000001
0.00000001
-0.00000000
-0.00000001
0.00000000
-0.00000000
0.00000000
-0.00000000
-0.00000000
0.00000001
0.00000000
-0.00000000
0.00000000
-0.00000000
-0.00000002
-0.00000001
-0.00000000
-0.00000001
0.00000000
0.00000001
0.00000001
0.00000000
-0.00000000
-0.00000000
-0.00000000
0.00000735
0.00000560
0.00000000
-0.00000000
-0.00000000
-0.00000001
-0.00000000
0.00000001
-0.00000001
0.00000000
0.00000001
-0.00000000
0.00000000
-0.00000000
0.00000000
0.00000000
-0.00000001
-0.00000000
0.00000000
-0.00000000
0.00000000
0.00000002
0.00000001
0.00000000
0.00000001
-0.00000000
-0.00000001
-0.00000001
-0.00000000
0.00000000
0.00000000
0.00000000
-0.00000735
-0.00000560
-0.00000000
0.00000000
0.00000000
0.00000001
0.00000000
-0.00000001
0.00000001
-0.00000000
-0.00000001
0.00000000
-0.00000000
0.00000000
-0.00000000
-0.00000000
0.00000001
0.00000000
-0.00000000
0.00000000
-0.00000000
-0.00000002
-0.00000001
-0.00000000
-0.00000001
0.00000000
0.00000001
0.00000001
0.00000000
-0.00000000
-0.00000000
-0.00000000
0.00000735
0.00000560
0.00000000
-0.00000000
-0.00000000
-0.00000001
-0.00000000
0.00000001
-0.00000001
0.00000000
0.00000001
-0.00000000
0.00000000
-0.00000000
0.00000000
0.00000000
-0.00000001
-0.00000000
0.00000000
-0.00000000
0.00000000
0.00000002
0.00000001
0.00000000
0.00000001
-0.00000000
-0.00000001
-0.00000001
-0.00000000
0.00000000
0.00000000
0.00000000
-0.00000735
-0.00000560
-0.00000000
0.00000000
0.00000000
0.00000001
0.00000000
-0.00000001
0.00000001
-0.00000000
-0.00000001
0.00000000
-0.00000000
0.00000000
-0.00000000
-0.00000000
0.00000001
0.00000000
-0.00000000
0.00000000
-0.00000000
-0.00000002
-0.00000001
-0.00000000
-0.00000001
0.00000000
0.00000001
0.00000001
0.00000000
-0.00000000
-0.00000000
-0.00000000
0.00000735
0.00000560
