0.00000000
-0.00000000
0.00000000
-0.00000000
0.00000000
-0.00000000
0.00000000
-0.00000000
0.00000000
-0.00000000
0.00000000
-0.00000000
0.00000000
-0.00000000
0.00000000
-0.00000000
0.00000000
-0.00000000
0.00000000
-0.00000000
0.00000000
-0.00000000
0.00000000
-0.00000000
0.00000000
-0.00000000
0.00000000
-0.00000000
0.00000000
-0.00000000
0.00000000
-0.00000000
-0.00000668
-0.00001970
-0.00003195
-0.00004358
-0.00005488
-0.00006567
-0.00007490
-0.00008098
-0.00008248
-0.00007868
-0.00006971
-0.00005635
-0.00003973
-0.00002114
-0.00000191
0.00001661
0.00003319
0.00004676
0.00005655
0.00006202
0.00006292
0.00005934
0.00005166
0.00004053
0.00002673
0.00001121
-0.00000487
-0.00002032
-0.00003419
-0.00004582
-0.00005444
-0.00005912
0.00014232
-0.00013582
0.00012517
-0.00011282
0.00009915
-0.00008238
0.00006073
-0.00003432
0.00000536
0.00002298
-0.00004813
0.00006844
-0.00008294
0.00009102
-0.00009235
0.00008718
-0.00007613
0.00006024
-0.00004069
0.00001893
0.00000351
-0.00002505
0.00004429
-0.00005994
0.00007105
-0.00007701
0.00007749
-0.00007236
0.00006203
-0.00004775
0.00003247
-0.00001357
0.00000002
0.00000000
-0.00000001
0.00000000
0.00000000
-0.00000000
0.00000000
-0.00000001
-0.00000000
0.00000001
0.00000001
-0.00000001
0.00000000
0.00000001
-0.00000001
0.00000001
-0.00000001
0.00000001
0.00000002
-0.00000001
-0.00000002
0.00000002
0.00000002
-0.00000004
-0.00000002
0.00000005
0.00000006
-0.00000013
-0.00000013
0.00000049
0.00000078
0.00000657
0.00000000
0.00000000
-0.00000000
-0.00000000
-0.00000001
-0.00000000
0.00000000
0.00000001
0.00000001
-0.00000000
0.00000000
-0.00000000
-0.00000001
-0.00000001
-0.00000001
-0.00000000
-0.00000000
-0.00000001
-0.00000001
0.00000001
0.00000001
-0.00000002
-0.00000002
0.00000002
0.00000003
-0.00000003
-0.00000006
0.00000005
0.00000018
-0.00000014
-0.00000224
0.00000322
-0.00000002
-0.00000000
0.00000001
-0.00000000
-0.00000000
0.00000000
-0.00000000
0.00000001
0.00000000
-0.00000001
-0.00000001
0.00000001
-0.00000000
-0.00000001
0.00000001
-0.00000001
0.00000001
-0.00000001
-0.00000002
0.00000001
0.00000002
-0.00000002
-0.00000002
0.00000004
0.00000002
-0.00000005
-0.00000006
0.00000013
0.00000013
-0.00000049
-0.00000078
-0.00000657
-0.00000000
-0.00000000
0.00000000
0.00000000
0.00000001
0.00000000
-0.00000000
-0.00000001
-0.00000001
0.00000000
-0.00000000
0.00000000
0.00000001
0.00000001
0.00000001
0.00000000
0.00000000
0.00000001
0.00000001
-0.00000001
-0.00000001
0.00000002
0.00000002
-0.00000002
-0.00000003
0.00000003
0.00000006
-0.00000005
-0.00000018
0.00000014
0.00000224
-0.00000322
0.00000002
0.00000000
-0.00000001
0.00000000
0.00000000
-0.00000000
0.00000000
-0.00000001
-0.00000000
0.00000001
0.00000001
-0.00000001
0.00000000
0.00000001
-0.00000001
0.00000001
-0.00000001
0.00000001
0.00000002
-0.00000001
-0.00000002
0.00000002
0.00000002
-0.00000004
-0.00000002
0.00000005
0.00000006
-0.00000013
-0.00000013
0.00000049
0.00000078
0.00000657
0.00000000
0.00000000
-0.00000000
-0.00000000
-0.00000001
-0.00000000
0.00000000
0.00000001
0.00000001
-0.00000000
0.00000000
-0.00000000
-0.00000001
-0.00000001
-0.00000001
-0.00000000
-0.00000000
-0.00000001
-0.00000001
0.00000001
0.00000001
-0.00000002
-0.00000002
0.00000002
0.00000003
-0.00000003
-0.00000006
0.00000005
0.00000018
-0.00000014
-0.00000224
0.00000322
-0.00000002
-0.00000000
0.00000001
-0.00000000
-0.00000000
0.00000000
-0.00000000
0.00000001
0.00000000
-0.00000001
-0.00000001
0.00000001
-0.00000000
-0.00000001
0.00000001
-0.00000001
0.00000001
-0.00000001
-0.00000002
0.00000001
0.00000002
-0.00000002
-0.00000002
0.00000004
0.00000002
-0.00000005
-0.00000006
0.00000013
0.00000013
-0.00000049
-0.00000078
-0.00000657
-0.00000000
-0.00000000
0.00000000
0.00000000
0.00000001
0.00000000
-0.00000000
-0.00000001
-0.00000001
0.00000000
-0.00000000
0.00000000
0.00000001
0.00000001
0.00000001
0.00000000
0.00000000
0.00000001
0.00000001
-0.00000001
-0.00000001
0.00000002
0.00000002
-0.00000002
-0.00000003
0.00000003
0.00000006
-0.00000005
-0.00000018
0.00000014
0.00000224
-0.00000322
0.00000002
0.00000000
-0.00000001
0.00000000
0.00000000
-0.00000000
0.00000000
-0.00000001
-0.00000000
0.00000001
0.00000001
-0.00000001
0.00000000
0.00000001
-0.00000001
0.00000001
-0.00000001
0.00000001
0.00000002
-0.00000001
-0.00000002
0.00000002
0.00000002
-0.00000004
-0.00000002
0.00000005
0.00000006
-0.00000013
-0.00000013
0.00000049
0.00000078
0.00000657
0.00000000
0.00000000
-0.00000000
-0.00000000
-0.00000001
-0.00000000
0.00000000
0.00000001
0.00000001
-0.00000000
0.00000000
-0.00000000
-0.00000001
-0.00000001
-0.00000001
-0.00000000
-0.00000000
-0.00000001
-0.00000001
0.00000001
0.00000001
-0.00000002
-0.00000002
0.00000002
0.00000003
-0.00000003
-0.00000006
0.00000005
0.00000018
-0.00000014
-0.00000224
0.00000322
-0.00000002
-0.00000000
0.00000001
-0.00000000
-0.00000000
0.00000000
-0.00000000
0.00000001
0.00000000
-0.00000001
-0.00000001
0.00000001
-0.00000000
-0.00000001
0.00000001
-0.00000001
0.00000001
-0.00000001
-0.00000002
0.00000001
0.00000002
-0.00000002
-0.00000002
0.00000004
0.00000002
-0.00000005
-0.00000006
0.00000013
0.00000013
-0.00000049
-0.00000078
-0.00000657
-0.00000000
-0.00000000
0.00000000
0.00000000
0.00000001
0.00000000
-0.00000000
-0.00000001
-0.00000001
0.00000000
-0.00000000
0.00000000
0.00000001
0.00000001
0.00000001
0.00000000
0.00000000
0.00000001
0.00000001
-0.00000001
-0.00000001
0.00000002
0.00000002
-0.00000002
-0.00000003
0.00000003
0.00000006
-0.00000005
-0.00000018
0.00000014
0.00000224
-0.00000322
0.00000002
0.00000000
-0.00000001
0.00000000
0.00000000
-0.00000000
0.00000000
-0.00000001
-0.00000000
0.00000001
0.00000001
-0.00000001
0.00000000
0.00000001
-0.00000001
0.00000001
-0.00000001
0.00000001
0.00000002
-0.00000001
-0.00000002
0.00000002
0.00000002
-0.00000004
-0.00000002
0.00000005
0.00000006
-0.00000013
-0.00000013
0.00000049
0.00000078
0.00000657
