-0.06224134
-0.01933562
0.02423636
0.03398011
0.01711330
0.00221991
0.00133579
0.00467627
0.00310994
-0.00031752
-0.00045992
0.00102483
0.00062660
-0.00077901
-0.00078377
0.00003766
-0.00008530
-0.00078098
-0.00074122
-0.00023812
-0.00026581
-0.00062627
-0.00057092
-0.00025738
-0.00024877
-0.00041896
-0.00036021
-0.00017990
-0.00015396
-0.00018499
-0.00011128
-0.00002323
-0.36175016
0.22301371
0.06810133
-0.02881959
0.00348868
-0.00244352
0.00777274
-0.00614778
0.00174099
-0.00141109
0.00318970
-0.00268614
0.00087913
-0.00069367
0.00152505
-0.00127780
0.00033199
-0.00021808
0.00066754
-0.00052820
-0.00000838
0.00007420
0.00018209
-0.00010418
-0.00019185
0.00022348
-0.00009132
0.00014126
-0.00029070
0.00031908
-0.00029762
0.00032597
0.39789656
-0.30273888
0.00000001
0.00000001
-0.00000001
-0.00000000
-0.00000000
0.00000000
0.00000000
-0.00000001
0.00000001
0.00000000
-0.00000001
-0.00000000
0.00000001
-0.00000001
-0.00000001
-0.00000000
-0.00000001
0.00000000
0.00000000
-0.00000000
0.00000000
0.00000001
0.00000001
-0.00000001
-0.00000000
-0.00000000
-0.00000002
0.00000000
-0.00000000
-0.00000001
-0.39789656
0.30273888
-0.00000001
-0.00000001
0.00000001
0.00000000
0.00000000
-0.00000000
-0.00000000
0.00000001
-0.00000001
-0.00000000
0.00000001
0.00000000
-0.00000001
0.00000001
0.00000001
0.00000000
0.00000001
-0.00000000
-0.00000000
0.00000000
-0.00000000
-0.00000001
-0.00000001
0.00000001
0.00000000
0.00000000
0.00000002
-0.00000000
0.00000000
0.00000001
0.39789656
-0.30273888
0.00000001
0.00000001
-0.00000001
-0.00000000
-0.00000000
0.00000000
0.00000000
-0.00000001
0.00000001
0.00000000
-0.00000001
-0.00000000
0.00000001
-0.00000001
-0.00000001
-0.00000000
-0.00000001
0.00000000
0.00000000
-0.00000000
0.00000000
0.00000001
0.00000001
-0.00000001
-0.00000000
-0.00000000
-0.00000002
0.00000000
-0.00000000
-0.00000001
-0.39789656
0.30273888
-0.00000001
-0.00000001
0.00000001
0.00000000
0.00000000
-0.00000000
-0.00000000
0.00000001
-0.00000001
-0.00000000
0.00000001
0.00000000
-0.00000001
0.00000001
0.00000001
0.00000000
0.00000001
-0.00000000
-0.00000000
0.00000000
-0.00000000
-0.00000001
-0.00000001
0.00000001
0.00000000
0.00000000
0.00000002
-0.00000000
0.00000000
0.00000001
0.39789656
-0.30273888
0.00000001
0.00000001
-0.00000001
-0.00000000
-0.00000000
0.00000000
0.00000000
-0.00000001
0.00000001
0.00000000
-0.00000001
-0.00000000
0.00000001
-0.00000001
-0.00000001
-0.00000000
-0.00000001
0.00000000
0.00000000
-0.00000000
0.00000000
0.00000001
0.00000001
-0.00000001
-0.00000000
-0.00000000
-0.00000002
0.00000000
-0.00000000
-0.00000001
-0.39789656
0.30273888
-0.00000001
-0.00000001
0.00000001
0.00000000
0.00000000
-0.00000000
-0.00000000
0.00000001
-0.00000001
-0.00000000
0.00000001
0.00000000
-0.00000001
0.00000001
0.00000001
0.00000000
0.00000001
-0.00000000
-0.00000000
0.00000000
-0.00000000
-0.00000001
-0.00000001
0.00000001
0.00000000
0.00000000
0.00000002
-0.00000000
0.00000000
0.00000001
