0.00000000
0.00000000
0.00000000
0.00000000
0.00000000
0.00000000
0.00000000
0.00000000
0.00000000
0.00000000
0.00000000
0.00000000
0.00000000
0.00000000
0.00000000
0.00000000
0.00000000
0.00000000
0.00000000
0.00000000
0.00000000
0.00000000
0.00000000
0.00000000
0.00000000
0.00000000
0.00000000
0.00000000
0.00000000
0.00000000
0.00000000
0.00000000
0.00000000
0.00000000
0.00000000
0.00000000
0.00000000
0.00000000
0.00000000
-0.00000072
0.00000413
-0.00001146
0.00004302
-0.00008931
0.00019359
-0.00033351
0.00057717
-0.00090867
0.00149342
-0.00265598
0.00729708
0.00094293
-0.00046702
0.00019094
-0.00000426
-0.00004016
0.00008944
-0.00005004
0.00006267
-0.00000870
0.00002900
0.00001580
0.00001824
0.00001758
0.00001711
0.00001645
0.00001556
0.00001484
0.00001401
0.00001317
0.00001234
0.00001156
0.00001049
0.00000942
0.00000876
0.00000757
0.00000638
0.00000548
0.00000453
0.00000322
0.00000226
0.00000131
0.00000048
-0.00000077
-0.00000197
-0.00000292
-0.00000393
-0.00000513
-0.00000608
-0.00000721
-0.00000775
-0.00000924
-0.00001013
-0.00001103
-0.00001180
-0.00001281
-0.00001353
-0.00001448
-0.00001514
-0.00001591
-0.00001669
-0.00001734
-0.00001800
-0.00001866
-0.00001907
-0.00001964
-0.00002003
-0.00002047
-0.00002089
-0.00002110
-0.00002138
-0.00002153
-0.00002170
-0.00002179
-0.00002183
-0.00002182
-0.00002176
-0.00002167
-0.00002144
-0.00002125
-0.00002101
-0.00002068
-0.00002030
-0.00001988
-0.00001937
-0.00001889
-0.00001824
-0.00001758
-0.00001711
-0.00001645
-0.00001556
-0.00001484
-0.00001401
-0.00001317
-0.00001234
-0.00001156
-0.00001049
-0.00000942
-0.00000876
-0.00000757
-0.00000638
-0.00000548
-0.00000453
-0.00000322
-0.00000226
-0.00000131
-0.00000048
0.00000077
0.00000197
0.00000292
0.00000393
0.00000513
0.00000608
0.00000721
0.00000775
0.00000924
0.00001013
0.00001103
0.00001180
0.00001281
0.00001353
0.00001448
0.00001514
0.00001591
0.00001669
0.00001734
0.00001800
0.00001866
0.00001907
0.00001964
0.00002003
0.00002047
0.00002089
0.00002110
0.00002138
0.00002153
0.00002170
0.00002179
0.00002183
0.00002182
0.00002176
0.00002167
0.00002144
0.00002125
0.00002101
0.00002068
0.00002030
0.00001988
0.00001937
0.00001889
0.00001824
0.00001758
0.00001711
0.00001645
0.00001556
0.00001484
0.00001401
0.00001317
0.00001234
0.00001156
0.00001049
0.00000942
0.00000876
0.00000757
0.00000638
0.00000548
0.00000453
0.00000322
0.00000226
0.00000131
0.00000048
-0.00000077
-0.00000197
-0.00000292
-0.00000393
-0.00000513
-0.00000608
-0.00000721
-0.00000775
-0.00000924
-0.00001013
-0.00001103
-0.00001180
-0.00001281
-0.00001353
-0.00001448
-0.00001514
-0.00001591
-0.00001669
-0.00001734
-0.00001800
-0.00001866
-0.00001907
-0.00001964
-0.00002003
-0.00002047
-0.00002089
-0.00002110
-0.00002138
-0.00002153
-0.00002170
-0.00002179
-0.00002183
-0.00002182
-0.00002176
-0.00002167
-0.00002144
-0.00002125
-0.00002101
-0.00002068
-0.00002030
-0.00001988
-0.00001937
-0.00001889
-0.00001824
-0.00001758
-0.00001711
-0.00001645
-0.00001556
-0.00001484
-0.00001401
-0.00001317
-0.00001234
-0.00001156
-0.00001049
-0.00000942
-0.00000876
-0.00000757
-0.00000638
-0.00000548
-0.00000453
-0.00000322
-0.00000226
-0.00000131
-0.00000048
0.00000077
0.00000197
0.00000292
0.00000393
0.00000513
0.00000608
0.00000721
0.00000775
0.00000924
0.00001013
0.00001103
0.00001180
0.00001281
0.00001353
0.00001448
0.00001514
0.00001591
0.00001669
0.00001734
0.00001800
0.00001866
0.00001907
0.00001964
0.00002003
0.00002047
0.00002089
0.00002110
0.00002138
0.00002153
0.00002170
0.00002179
0.00002183
0.00002182
0.00002176
0.00002167
0.00002144
0.00002125
0.00002101
0.00002068
0.00002030
0.00001988
0.00001937
0.00001889
0.00001824
0.00001758
0.00001711
0.00001645
0.00001556
0.00001484
0.00001401
0.00001317
0.00001234
0.00001156
0.00001049
0.00000942
0.00000876
0.00000757
0.00000638
0.00000548
0.00000453
0.00000322
0.00000226
0.00000131
0.00000048
-0.00000077
-0.00000197
-0.00000292
-0.00000393
-0.00000513
-0.00000608
-0.00000721
-0.00000775
-0.00000924
-0.00001013
-0.00001103
-0.00001180
-0.00001281
-0.00001353
-0.00001448
-0.00001514
-0.00001591
-0.00001669
-0.00001734
-0.00001800
-0.00001866
-0.00001907
-0.00001964
-0.00002003
-0.00002047
-0.00002089
-0.00002110
-0.00002138
-0.00002153
-0.00002170
-0.00002179
-0.00002183
-0.00002182
-0.00002176
-0.00002167
-0.00002144
-0.00002125
-0.00002101
-0.00002068
-0.00002030
-0.00001988
-0.00001937
-0.00001889
-0.00001824
-0.00001758
-0.00001711
-0.00001645
-0.00001556
-0.00001484
-0.00001401
-0.00001317
-0.00001234
-0.00001156
-0.00001049
-0.00000942
-0.00000876
-0.00000757
-0.00000638
-0.00000548
-0.00000453
-0.00000322
-0.00000226
-0.00000131
-0.00000048
0.00000077
0.00000197
0.00000292
0.00000393
0.00000513
0.00000608
0.00000721
0.00000775
0.00000924
0.00001013
0.00001103
0.00001180
0.00001281
0.00001353
0.00001448
0.00001514
0.00001591
0.00001669
0.00001734
0.00001800
0.00001866
0.00001907
0.00001964
0.00002003
0.00002047
0.00002089
0.00002110
0.00002138
0.00002153
0.00002170
0.00002179
0.00002183
0.00002182
0.00002176
0.00002167
0.00002144
0.00002125
0.00002101
0.00002068
0.00002030
0.00001988
0.00001937
0.00001889
0.00001824
0.00001758
0.00001711
0.00001645
0.00001556
0.00001484
0.00001401
0.00001317
0.00001234
0.00001156
0.00001049
0.00000942
0.00000876
0.00000757
0.00000638
0.00000548
0.00000453
0.00000322
0.00000226
0.00000131
0.00000048
-0.00000077
-0.00000197
-0.00000292
-0.00000393
-0.00000513
-0.00000608
-0.00000721
-0.00000775
-0.00000924
-0.00001013
-0.00001103
-0.00001180
-0.00001281
-0.00001353
-0.00001448
-0.00001514
-0.00001591
-0.00001669
-0.00001734
-0.00001800
-0.00001866
-0.00001907
-0.00001964
-0.00002003
-0.00002047
-0.00002089
-0.00002110
-0.00002138
-0.00002153
-0.00002170
-0.00002179
-0.00002183
-0.00002182
-0.00002176
-0.00002167
-0.00002144
-0.00002125
-0.00002101
-0.00002068
-0.00002030
-0.00001988
-0.00001937
-0.00001889
-0.00001824
-0.00001758
