-0.00000000
-0.00000000
-0.00000000
-0.00000000
-0.00000000
0.00000000
0.00000000
-0.00000000
-0.00000000
0.00000000
-0.00000000
-0.00000001
-0.00000000
0.00000002
0.00000000
-0.00000004
-0.00000000
0.00000007
-0.00000001
-0.00000013
0.00000003
0.00000021
-0.00000002
0.00000005
0.00000187
0.00000487
0.00000666
0.00000645
0.00000512
0.00000186
-0.00000331
-0.00000402
0.00000651
0.00002239
0.00002849
0.00001936
0.00000340
-0.00001135
-0.00001941
-0.00000870
0.00002699
0.00006436
0.00006563
0.00002421
-0.00002751
-0.00005629
-0.00004745
0.00000613
0.00009003
0.00014915
0.00011766
0.00000654
-0.00010986
-0.00014586
-0.00008222
0.00007733
0.00025518
0.00033811
0.00020086
-0.00010735
-0.00042156
-0.00050559
-0.00024550
0.00039132
0.00117281
0.00162518
0.00098663
-0.00146118
-0.00636511
-0.01410209
-0.02480418
-0.03810268
-0.05337389
-0.06984932
-0.08695345
-0.10420208
-0.12150966
-0.13911557
-0.15762576
-0.17742038
-0.19863997
-0.22098662
-0.24408299
-0.26731896
-0.29017207
-0.31206119
-0.33273292
-0.35208604
-0.37048382
-0.38836941
-0.40630150
-0.42459312
-0.44378543
-0.46460015
-0.48839772
-0.51634735
-0.54881322
-0.58413506
-0.61903137
-0.64970887
-0.67423803
-0.69352710
-0.71145087
-0.73208547
-0.75639951
-0.77995563
-0.79528570
-0.79791349
-0.79258895
-0.79340214
-0.81770426
-0.87420392
-0.95414656
-1.03254080
-1.08118916
-1.08806384
-1.06729817
-1.05400467
-1.08149350
-1.15577495
-1.24220335
-1.28042281
-1.22177339
-1.07083154
-0.89952201
-0.82110208
-0.92829436
-1.22921133
-1.61665225
-1.89954984
-1.88460588
-1.47220290
-0.71241820
0.20600997
1.03289187
1.56612790
1.73223376
1.60336828
1.34766674
1.13952982
1.08149898
1.17314315
1.33756590
1.47858870
1.53637707
1.51118457
1.45078659
1.41175985
1.42428648
1.47881258
1.54054785
1.57465386
1.56737733
1.52964580
1.48757482
1.46425247
1.46836257
1.49334800
1.52599895
1.55570519
1.57844043
1.59652328
1.61445475
1.63391030
1.65125942
1.66036487
1.65836954
1.64454508
1.62174487
1.59457493
1.56658924
1.54017127
1.51911235
1.50948942
1.51706851
1.54317260
1.58282566
1.62562072
1.65945745
1.67610312
1.67532444
1.66365016
1.64802635
1.62931490
1.60016739
1.54881978
1.46811152
1.36603951
1.27011931
1.21909082
1.24421155
1.35046983
1.50855196
1.66254234
1.75171542
1.73725343
1.62012434
1.43963265
1.25378883
1.11525249
1.04917526
1.04652011
1.07370865
1.09340358
1.08330083
1.04440546
0.99476594
0.95573664
0.93878329
0.94098645
0.94898701
0.94841802
0.93155485
0.89994818
0.86112833
0.82356936
0.79219133
0.76706898
0.74427241
0.71980429
0.69260240
0.66529709
0.64138287
0.62260258
0.60812020
0.59541625
0.58144152
0.56407195
0.54281908
0.51825750
0.49017322
0.45971999
0.42839128
0.39754659
0.36766821
0.33917689
0.31251532
0.28836584
0.26678360
0.24730250
0.22883466
0.21059437
0.19209708
0.17308871
0.15238190
0.12838233
0.10020377
0.06916282
0.03764025
0.00746471
-0.02140551
-0.04945619
-0.07642981
-0.10092425
-0.12227772
-0.14150022
-0.16085581
-0.18129329
-0.20170420
-0.22060789
-0.23945656
-0.26239142
-0.29234302
-0.32731953
-0.36108181
-0.38853884
-0.41098556
-0.43432939
-0.46226844
-0.49096990
-0.51192540
-0.51989949
-0.51857036
-0.51731813
-0.52252251
-0.53156149
-0.53621823
-0.53160161
-0.52162009
-0.51494956
-0.51645285
-0.52283567
-0.52688026
-0.52480233
-0.51928169
-0.51546568
-0.51514065
-0.51520813
-0.51184231
-0.50510669
-0.49881786
-0.49603942
-0.49572474
-0.49433365
-0.49033999
-0.48562068
-0.48336798
-0.48437902
-0.48602033
-0.48510683
-0.48118746
-0.47654772
-0.47309047
-0.47023273
-0.46602419
-0.45985663
-0.45331115
-0.44847441
-0.44564644
-0.44320184
-0.43953413
-0.43498516
-0.43135536
-0.42969894
-0.42888737
-0.42682886
-0.42264590
-0.41734698
-0.41228306
-0.40765524
-0.40255821
-0.39641356
-0.38981912
-0.38405010
-0.37962940
-0.37583864
-0.37151814
-0.36662003
-0.36208272
-0.35865939
-0.35586160
-0.35245115
-0.34764433
-0.34181786
-0.33581612
-0.33002391
-0.32407987
-0.31764078
-0.31094602
-0.30470851
-0.29927841
-0.29432270
-0.28917679
-0.28370279
-0.27838105
-0.27371138
-0.26943898
-0.26481184
-0.25928590
-0.25303227
-0.24651325
-0.24002358
-0.23347083
-0.22675458
-0.21996868
-0.21345685
-0.20739844
-0.20164320
-0.19573241
-0.18964267
-0.18367775
-0.17810489
-0.17273149
-0.16716063
-0.16107637
-0.15451905
-0.14770228
-0.14087589
-0.13406846
-0.12725429
-0.12046207
-0.11388052
-0.10752956
-0.10124243
-0.09479379
-0.08824958
-0.08179197
-0.07554781
-0.06939995
-0.06319846
-0.05677453
-0.05009918
-0.04323103
-0.03635337
-0.02954762
-0.02286832
-0.01632173
-0.00992840
-0.00352344
0.00306751
0.00974030
0.01651019
0.02331029
0.02998145
0.03655846
0.04311679
0.04969462
0.05624218
0.06285522
0.06954943
0.07616347
0.08243077
0.08841448
0.09439926
0.10065544
0.10717493
0.11389016
0.12068815
0.12752150
0.13433987
0.14115264
0.14782496
0.15422429
0.16036975
0.16654664
0.17283335
0.17896189
0.18457110
0.18978904
0.19508740
0.20087506
0.20710999
0.21371521
0.22028019
0.22680910
0.23353261
0.24042062
0.24696335
0.25284657
0.25829986
0.26382479
0.26949033
0.27492034
0.27967697
0.28386468
0.28811973
0.29317832
0.29912269
0.30539322
0.31142938
0.31739649
0.32376429
0.33048856
0.33676136
0.34196335
0.34634882
0.35077837
0.35563031
0.36038491
0.36417782
0.36696744
0.36979708
0.37392759
0.37950340
0.38545647
0.39084506
0.39588824
0.40148008
0.40784863
0.41388929
0.41834217
0.42125481
0.42404360
0.42778447
0.43192750
0.43489167
0.43611735
0.43701378
0.43973723
0.44488853
0.45090204
0.45580694
0.45951778
0.46368086
0.46935397
0.47528580
0.47917265
0.48033485
0.48072550
0.48275861
0.48648608
0.48938859
0.48940149
0.48770940
0.48797143
0.49236789
0.49900919
0.50411248
0.50622910
0.50774324
0.51176834
0.51794833
0.52223277
0.52143234
0.51744950
0.51600122
0.52040106
0.52742648
0.53021318
0.52584004
0.51904744
0.51787984
0.52508062
0.53455871
0.53650808
0.52660954
0.50958461
0.49389321
0.48264021
0.47065011
0.45002541
0.41859323
0.38195577
0.34824601
0.32086787
0.29703423
0.27198544
0.24456865
0.21799566
0.19575568
0.17795639
0.16168125
0.14370295
0.12319487
0.10090858
0.07726387
0.05115927
0.02183611
-0.00977647
-0.04117712
-0.07068986
-0.09819520
-0.12460892
-0.15002972
-0.17371316
-0.19461226
-0.21291754
-0.22992298
-0.24744067
-0.26645428
-0.28740051
-0.31054169
-0.33676258
-0.36653173
-0.39927384
-0.43287030
-0.46478879
-0.49280089
-0.51616162
-0.53573024
-0.55445957
-0.57511598
-0.59873796
-0.62273479
-0.64192647
-0.65238595
-0.65661091
-0.66411573
-0.68694043
-0.73072523
-0.78866160
-0.84293997
-0.87410843
-0.87488651
-0.85721231
-0.84836888
-0.87410080
-0.94002908
-1.02196813
-1.07605731
-1.06485045
-0.98731154
-0.89036602
-0.85088938
-0.93079549
-1.13055515
-1.36876607
-1.50675499
-1.40901411
-1.01269054
-0.36787137
0.37357596
1.01941240
1.41784465
1.51903582
1.38613665
1.15439367
0.96113241
0.88606811
0.92817295
1.02624917
1.10400105
1.11404514
1.05685115
0.97049820
0.90061069
0.87288159
0.88198000
0.90177739
0.90505421
0.88055712
0.83580601
0.78911239
0.75581592
0.74007362
0.73458749
0.72678792
0.70706785
0.67303610
0.63005239
0.58696592
0.55113733
0.52471793
0.50512725
0.48794645
0.47067878
0.45424452
0.44215807
0.43721029
0.43842718
0.43951610
0.43071699
0.40211558
0.34938663
0.27714735
0.19912787
0.13175796
0.08556564
0.05903024
0.04124096
0.02167833
0.00169434
-0.00237541
0.03267758
0.11939723
0.24370067
0.36099187
0.41034642
0.34037316
0.13662206
-0.16255368
-0.47318703
-0.69969171
-0.77884656
-0.70687562
-0.53569394
-0.34666634
-0.21465273
-0.17788993
-0.22509509
-0.30845308
-0.37367550
-0.38750291
-0.34828657
-0.27876967
-0.20877875
-0.15821531
-0.12934908
-0.11117702
-0.09080181
-0.06357964
-0.03564791
-0.01902703
-0.02306263
-0.04846869
-0.08689261
-0.12519521
-0.15172230
-0.16006979
-0.14962201
-0.12304166
-0.08399861
-0.03622244
0.01582887
0.06633478
0.10804193
0.13389328
0.13919215
0.12357938
0.09025025
0.04426562
-0.00929099
-0.06598392
-0.12002621
-0.16206796
-0.17980206
-0.16243598
-0.10739446
-0.02427004
0.06666294
0.14207174
0.18579881
0.19530058
0.18024443
0.15287523
0.11618350
0.05802068
-0.04206823
-0.19539201
-0.38515535
-0.55974323
-0.64696395
-0.58809757
-0.37366277
-0.05810975
0.25725290
0.46306333
0.48619008
0.32192433
0.03777719
-0.25876611
-0.47174975
-0.55724770
-0.53230172
-0.45512131
-0.39018208
-0.37628973
-0.41206089
-0.46588492
-0.50038040
-0.49519855
-0.45552978
-0.40517226
-0.37042066
-0.36543876
-0.38723055
-0.42116362
-0.45162329
-0.47056818
-0.47931835
-0.48480555
-0.49278054
-0.50399071
-0.51418507
-0.51783955
-0.51204503
-0.49821115
-0.48114228
-0.46646672
-0.45805252
-0.45702481
-0.46234876
-0.47229970
-0.48520079
-0.49971622
-0.51460713
-0.52845252
-0.53954864
-0.54638928
-0.54813075
-0.54486006
-0.53748381
-0.52753651
-0.51690382
-0.50748682
-0.50086033
-0.49812460
-0.49980122
-0.50572813
-0.51505357
-0.52644378
-0.53830075
-0.54898351
-0.55700976
-0.56137073
-0.56165516
-0.55803311
-0.55119950
-0.54233754
-0.53292167
-0.52440745
-0.51804984
-0.51480436
-0.51516849
-0.51882839
-0.52524281
-0.53337508
-0.54182559
-0.54923975
-0.55454332
-0.55694449
-0.55601001
-0.55186796
-0.54518640
-0.53689873
-0.52807915
-0.51991123
-0.51352900
-0.50967854
-0.50863647
-0.51029134
-0.51417923
-0.51941401
-0.52486616
-0.52946007
-0.53234261
-0.53286755
-0.53070748
-0.52597982
-0.51921189
-0.51112336
-0.50258684
-0.49456999
-0.48798445
-0.48339638
-0.48102018
-0.48092824
-0.48256508
-0.48517472
-0.48798794
-0.49014544
-0.49084991
-0.48960179
-0.48629043
-0.48099294
-0.47400799
-0.46591866
-0.45753595
-0.44958615
-0.44268787
-0.43734041
-0.43386081
-0.43213576
-0.43174103
-0.43210232
-0.43260896
-0.43254805
-0.43131199
-0.42854911
-0.42419609
-0.41829455
-0.41108796
-0.40303341
-0.39475197
-0.38677877
-0.37961367
-0.37366477
-0.36918312
-0.36600626
-0.36386195
-0.36228746
-0.36076516
-0.35874826
-0.35583732
-0.35177812
-0.34652251
-0.34011674
-0.33277261
-0.32480437
-0.31665593
-0.30872840
-0.30141568
-0.29500145
-0.28966495
-0.28531027
-0.28168440
-0.27841642
-0.27515486
-0.27149943
-0.26716653
-0.26200628
-0.25604886
-0.24932280
-0.24195965
-0.23417424
-0.22629568
-0.21856554
-0.21123910
-0.20453142
-0.19860300
-0.19328482
-0.18842445
-0.18377417
-0.17907055
-0.17402416
-0.16852742
-0.16254577
-0.15610892
-0.14922366
-0.14202274
-0.13463111
-0.12719132
-0.11980667
-0.11268309
-0.10594288
-0.09961767
-0.09359328
-0.08778626
-0.08202516
-0.07614277
-0.06999156
-0.06361277
-0.05705023
-0.05035958
-0.04355922
-0.03674993
-0.02994319
-0.02314502
-0.01635939
-0.00969359
-0.00313611
0.00337713
0.00977766
0.01625250
0.02292539
0.02972483
0.03664584
0.04364492
0.05060012
0.05728868
0.06369439
0.06988424
0.07592487
0.08180950
0.08768380
0.09367909
0.09985638
0.10617865
0.11276267
0.11969919
0.12697510
0.13441838
0.14192367
0.14931138
0.15634485
0.16277429
0.16860256
0.17391972
0.17886010
0.18356238
0.18832657
0.19338112
0.19884211
0.20472488
0.21132150
0.21848321
0.22607459
0.23395342
0.24188723
0.24942949
0.25625268
0.26219982
0.26725286
0.27141562
0.27493641
0.27820641
0.28162095
0.28541407
0.28985792
0.29518485
0.30149770
0.30864739
0.31644660
0.32460552
0.33271477
0.34021622
0.34670535
0.35195249
0.35591367
0.35866678
0.36056495
0.36210632
0.36381412
0.36609367
0.36934561
0.37385365
0.37967154
0.38668042
0.39458141
0.40288296
0.41102567
0.41836557
0.42437330
0.42871520
0.43135422
0.43245786
0.43245763
0.43196499
0.43168214
0.43220198
0.43402585
0.43749154
0.44272217
0.44950184
0.45739964
0.46579573
0.47395530
0.48105451
0.48644114
0.48973599
0.49087694
0.49006975
0.48786727
0.48506203
0.48251700
0.48099369
0.48116416
0.48348558
0.48801523
0.49452099
0.50246608
0.51101124
0.51919234
0.52605027
0.53080660
0.53294814
0.53237516
0.52941453
0.52475655
0.51932049
0.51417059
0.51035506
0.50871670
0.50974166
0.51355499
0.51987267
0.52798659
0.53682292
0.54518569
0.55192453
0.55607224
0.55698973
0.55456239
0.54920858
